Symbol,Expiry,Strike,OptionType,Date,Time,Open,High,Low,Close,Volume,OI
NIFTY,29APR21,14000,PE,2021-04-23,09:15:59,87.1,94.1,75.4,81.15,0,0
NIFTY,29APR21,14000,PE,2021-04-23,09:16:59,81.6,81.8,78.1,81.3,0,0
NIFTY,29APR21,14000,PE,2021-04-23,09:17:59,81.1,82.45,75.65,75.65,0,0
NIFTY,29APR21,14000,PE,2021-04-23,09:18:59,75.55,75.55,71.8,72.6,0,0
NIFTY,29APR21,14000,PE,2021-04-23,09:19:59,72.6,73.0,68.65,68.65,0,0
NIFTY,29APR21,14000,PE,2021-04-23,09:20:59,68.75,68.75,65.25,66.0,0,0
NIFTY,29APR21,14000,PE,2021-04-23,09:21:59,65.6,67.2,64.65,66.9,0,0
NIFTY,29APR21,14000,PE,2021-04-23,09:22:59,66.65,66.9,63.35,65.35,0,0
NIFTY,29APR21,14000,PE,2021-04-23,09:23:59,65.75,69.45,65.55,69.25,0,0
NIFTY,29APR21,14000,PE,2021-04-23,09:24:59,69.2,71.6,69.2,71.25,0,0
NIFTY,29APR21,14000,PE,2021-04-23,09:25:59,71.45,73.0,70.95,72.6,0,0
NIFTY,29APR21,14000,PE,2021-04-23,09:26:59,72.65,74.15,72.65,73.7,0,0
NIFTY,29APR21,14000,PE,2021-04-23,09:27:59,73.7,74.5,71.05,71.35,0,0
NIFTY,29APR21,14000,PE,2021-04-23,09:28:59,71.85,74.4,71.85,73.2,0,0
NIFTY,29APR21,14000,PE,2021-04-23,09:29:59,73.25,75.3,71.65,75.2,0,0
NIFTY,29APR21,14000,PE,2021-04-23,09:30:59,75.35,77.0,73.15,76.4,0,0
NIFTY,29APR21,14000,PE,2021-04-23,09:31:59,76.75,78.25,75.35,76.85,0,0
NIFTY,29APR21,14000,PE,2021-04-23,09:32:59,77.3,77.8,73.4,73.65,0,0
NIFTY,29APR21,14000,PE,2021-04-23,09:33:59,74.0,74.6,71.0,74.6,0,0
NIFTY,29APR21,14000,PE,2021-04-23,09:34:59,74.1,77.8,73.65,77.25,0,0
NIFTY,29APR21,14000,PE,2021-04-23,09:35:59,76.75,77.85,72.7,75.5,0,0
NIFTY,29APR21,14000,PE,2021-04-23,09:36:59,75.85,75.85,73.5,73.5,0,0
NIFTY,29APR21,14000,PE,2021-04-23,09:37:59,73.7,76.65,73.65,76.35,0,0
NIFTY,29APR21,14000,PE,2021-04-23,09:38:59,76.45,76.65,73.0,73.95,0,0
NIFTY,29APR21,14000,PE,2021-04-23,09:39:59,73.85,76.85,73.7,76.15,0,0
NIFTY,29APR21,14000,PE,2021-04-23,09:40:59,76.15,77.4,74.0,75.6,0,0
NIFTY,29APR21,14000,PE,2021-04-23,09:41:59,75.6,76.1,73.45,73.95,0,0
NIFTY,29APR21,14000,PE,2021-04-23,09:42:59,73.4,75.8,72.95,75.25,0,0
NIFTY,29APR21,14000,PE,2021-04-23,09:43:59,75.3,75.5,72.95,72.95,0,0
NIFTY,29APR21,14000,PE,2021-04-23,09:44:59,72.9,73.0,71.0,72.0,0,0
NIFTY,29APR21,14000,PE,2021-04-23,09:45:59,71.6,73.5,68.55,69.65,0,0
NIFTY,29APR21,14000,PE,2021-04-23,09:46:59,69.65,71.0,69.45,70.05,0,0
NIFTY,29APR21,14000,PE,2021-04-23,09:47:59,70.1,70.1,67.25,68.25,0,0
NIFTY,29APR21,14000,PE,2021-04-23,09:48:59,68.6,68.6,66.9,67.0,0,0
NIFTY,29APR21,14000,PE,2021-04-23,09:49:59,67.0,68.9,66.85,68.3,0,0
NIFTY,29APR21,14000,PE,2021-04-23,09:50:59,68.5,71.35,68.5,70.85,0,0
NIFTY,29APR21,14000,PE,2021-04-23,09:51:59,71.15,73.0,71.0,71.5,0,0
NIFTY,29APR21,14000,PE,2021-04-23,09:52:59,71.85,71.85,70.0,71.0,0,0
NIFTY,29APR21,14000,PE,2021-04-23,09:53:59,70.95,71.35,68.95,69.7,0,0
NIFTY,29APR21,14000,PE,2021-04-23,09:54:59,69.5,71.2,67.95,70.7,0,0
NIFTY,29APR21,14000,PE,2021-04-23,09:55:59,71.15,71.95,70.1,70.2,0,0
NIFTY,29APR21,14000,PE,2021-04-23,09:56:59,70.45,70.85,67.6,68.15,0,0
NIFTY,29APR21,14000,PE,2021-04-23,09:57:59,68.05,68.35,66.6,67.85,0,0
NIFTY,29APR21,14000,PE,2021-04-23,09:58:59,68.45,68.8,66.7,67.5,0,0
NIFTY,29APR21,14000,PE,2021-04-23,09:59:59,67.2,67.7,62.35,63.25,0,0
NIFTY,29APR21,14000,PE,2021-04-23,10:00:59,63.8,66.3,63.8,65.25,0,0
NIFTY,29APR21,14000,PE,2021-04-23,10:01:59,65.15,65.4,62.0,63.55,0,0
NIFTY,29APR21,14000,PE,2021-04-23,10:02:59,63.2,63.55,61.75,62.65,0,0
NIFTY,29APR21,14000,PE,2021-04-23,10:03:59,62.25,63.0,60.75,62.9,0,0
NIFTY,29APR21,14000,PE,2021-04-23,10:04:59,62.75,64.0,62.65,63.85,0,0
NIFTY,29APR21,14000,PE,2021-04-23,10:05:59,63.5,64.85,63.5,64.65,0,0
NIFTY,29APR21,14000,PE,2021-04-23,10:06:59,64.75,64.85,62.1,62.55,0,0
NIFTY,29APR21,14000,PE,2021-04-23,10:07:59,62.65,63.8,62.35,63.8,0,0
NIFTY,29APR21,14000,PE,2021-04-23,10:08:59,63.6,64.5,63.3,64.05,0,0
NIFTY,29APR21,14000,PE,2021-04-23,10:09:59,64.0,64.75,63.3,64.5,0,0
NIFTY,29APR21,14000,PE,2021-04-23,10:10:59,64.65,64.65,61.2,61.6,0,0
NIFTY,29APR21,14000,PE,2021-04-23,10:11:59,61.35,61.55,59.55,61.2,0,0
NIFTY,29APR21,14000,PE,2021-04-23,10:12:59,61.5,61.5,59.2,60.1,0,0
NIFTY,29APR21,14000,PE,2021-04-23,10:13:59,60.5,61.0,59.65,59.65,0,0
NIFTY,29APR21,14000,PE,2021-04-23,10:14:59,59.65,60.9,59.65,60.3,0,0
NIFTY,29APR21,14000,PE,2021-04-23,10:15:59,60.6,60.65,59.0,59.7,0,0
NIFTY,29APR21,14000,PE,2021-04-23,10:16:59,59.8,59.8,58.0,58.6,0,0
NIFTY,29APR21,14000,PE,2021-04-23,10:17:59,58.9,59.5,58.15,58.85,0,0
NIFTY,29APR21,14000,PE,2021-04-23,10:18:59,58.8,59.2,58.15,58.5,0,0
NIFTY,29APR21,14000,PE,2021-04-23,10:19:59,58.4,60.85,58.4,60.85,0,0
NIFTY,29APR21,14000,PE,2021-04-23,10:20:59,60.9,60.9,58.8,59.2,0,0
NIFTY,29APR21,14000,PE,2021-04-23,10:21:59,59.0,59.95,58.75,59.7,0,0
NIFTY,29APR21,14000,PE,2021-04-23,10:22:59,59.6,60.75,59.2,60.75,0,0
NIFTY,29APR21,14000,PE,2021-04-23,10:23:59,60.85,62.5,60.6,62.05,0,0
NIFTY,29APR21,14000,PE,2021-04-23,10:24:59,61.7,61.95,60.0,60.7,0,0
NIFTY,29APR21,14000,PE,2021-04-23,10:25:59,60.7,60.7,58.45,58.85,0,0
NIFTY,29APR21,14000,PE,2021-04-23,10:26:59,58.85,60.15,58.35,58.75,0,0
NIFTY,29APR21,14000,PE,2021-04-23,10:27:59,58.5,58.75,56.25,58.15,0,0
NIFTY,29APR21,14000,PE,2021-04-23,10:28:59,58.0,58.0,56.4,56.85,0,0
NIFTY,29APR21,14000,PE,2021-04-23,10:29:59,56.85,57.3,55.25,55.35,0,0
NIFTY,29APR21,14000,PE,2021-04-23,10:30:59,55.65,56.3,54.8,55.15,0,0
NIFTY,29APR21,14000,PE,2021-04-23,10:31:59,55.2,56.95,55.2,55.85,0,0
NIFTY,29APR21,14000,PE,2021-04-23,10:32:59,55.8,56.55,55.2,56.1,0,0
NIFTY,29APR21,14000,PE,2021-04-23,10:33:59,56.15,56.6,54.75,56.1,0,0
NIFTY,29APR21,14000,PE,2021-04-23,10:34:59,55.95,57.0,55.4,56.55,0,0
NIFTY,29APR21,14000,PE,2021-04-23,10:35:59,56.35,58.1,56.0,58.1,0,0
NIFTY,29APR21,14000,PE,2021-04-23,10:36:59,57.65,58.75,57.6,58.1,0,0
NIFTY,29APR21,14000,PE,2021-04-23,10:37:59,57.9,59.65,57.85,58.1,0,0
NIFTY,29APR21,14000,PE,2021-04-23,10:38:59,57.9,58.0,56.15,57.0,0,0
NIFTY,29APR21,14000,PE,2021-04-23,10:39:59,57.3,58.7,56.7,57.35,0,0
NIFTY,29APR21,14000,PE,2021-04-23,10:40:59,57.55,58.7,56.6,58.5,0,0
NIFTY,29APR21,14000,PE,2021-04-23,10:41:59,58.4,58.4,56.45,57.15,0,0
NIFTY,29APR21,14000,PE,2021-04-23,10:42:59,57.65,58.75,57.0,58.55,0,0
NIFTY,29APR21,14000,PE,2021-04-23,10:43:59,58.9,59.5,57.3,58.7,0,0
NIFTY,29APR21,14000,PE,2021-04-23,10:44:59,58.65,58.7,57.6,58.55,0,0
NIFTY,29APR21,14000,PE,2021-04-23,10:45:59,58.8,60.75,58.4,60.55,0,0
NIFTY,29APR21,14000,PE,2021-04-23,10:46:59,60.5,60.65,58.3,59.15,0,0
NIFTY,29APR21,14000,PE,2021-04-23,10:47:59,58.65,59.95,58.35,59.95,0,0
NIFTY,29APR21,14000,PE,2021-04-23,10:48:59,60.0,60.7,59.2,60.4,0,0
NIFTY,29APR21,14000,PE,2021-04-23,10:49:59,60.4,60.4,58.3,58.9,0,0
NIFTY,29APR21,14000,PE,2021-04-23,10:50:59,59.15,59.65,58.5,58.6,0,0
NIFTY,29APR21,14000,PE,2021-04-23,10:51:59,58.75,58.75,56.5,57.1,0,0
NIFTY,29APR21,14000,PE,2021-04-23,10:52:59,57.0,57.2,56.15,56.4,0,0
NIFTY,29APR21,14000,PE,2021-04-23,10:53:59,56.15,57.3,55.6,57.3,0,0
NIFTY,29APR21,14000,PE,2021-04-23,10:54:59,57.25,58.25,56.8,57.45,0,0
NIFTY,29APR21,14000,PE,2021-04-23,10:55:59,57.55,58.45,57.55,57.9,0,0
NIFTY,29APR21,14000,PE,2021-04-23,10:56:59,58.0,59.0,58.0,58.35,0,0
NIFTY,29APR21,14000,PE,2021-04-23,10:57:59,58.2,59.4,58.2,58.7,0,0
NIFTY,29APR21,14000,PE,2021-04-23,10:58:59,58.75,59.4,58.6,58.65,0,0
NIFTY,29APR21,14000,PE,2021-04-23,10:59:59,58.9,58.95,58.0,58.8,0,0
NIFTY,29APR21,14000,PE,2021-04-23,11:00:59,58.6,58.6,56.75,56.8,0,0
NIFTY,29APR21,14000,PE,2021-04-23,11:01:59,56.3,57.3,56.25,57.3,0,0
NIFTY,29APR21,14000,PE,2021-04-23,11:02:59,57.4,57.4,55.4,56.55,0,0
NIFTY,29APR21,14000,PE,2021-04-23,11:03:59,56.65,56.65,55.1,55.5,0,0
NIFTY,29APR21,14000,PE,2021-04-23,11:04:59,55.8,56.15,54.0,54.95,0,0
NIFTY,29APR21,14000,PE,2021-04-23,11:05:59,54.85,54.85,52.85,54.55,0,0
NIFTY,29APR21,14000,PE,2021-04-23,11:06:59,54.45,54.95,54.2,54.9,0,0
NIFTY,29APR21,14000,PE,2021-04-23,11:07:59,54.75,55.5,53.8,53.9,0,0
NIFTY,29APR21,14000,PE,2021-04-23,11:08:59,53.95,54.2,52.3,53.3,0,0
NIFTY,29APR21,14000,PE,2021-04-23,11:09:59,53.15,53.15,52.15,53.0,0,0
NIFTY,29APR21,14000,PE,2021-04-23,11:10:59,52.9,52.9,51.15,51.95,0,0
NIFTY,29APR21,14000,PE,2021-04-23,11:11:59,52.25,52.55,50.8,51.8,0,0
NIFTY,29APR21,14000,PE,2021-04-23,11:12:59,51.8,53.0,51.4,52.9,0,0
NIFTY,29APR21,14000,PE,2021-04-23,11:13:59,53.0,53.0,52.2,52.5,0,0
NIFTY,29APR21,14000,PE,2021-04-23,11:14:59,52.4,52.85,51.0,51.5,0,0
NIFTY,29APR21,14000,PE,2021-04-23,11:15:59,51.5,51.9,50.35,51.1,0,0
NIFTY,29APR21,14000,PE,2021-04-23,11:16:59,51.0,51.3,49.9,51.3,0,0
NIFTY,29APR21,14000,PE,2021-04-23,11:17:59,51.3,52.6,51.05,51.85,0,0
NIFTY,29APR21,14000,PE,2021-04-23,11:18:59,51.95,52.0,50.6,51.0,0,0
NIFTY,29APR21,14000,PE,2021-04-23,11:19:59,51.35,52.1,50.75,51.85,0,0
NIFTY,29APR21,14000,PE,2021-04-23,11:20:59,51.5,52.0,50.65,50.85,0,0
NIFTY,29APR21,14000,PE,2021-04-23,11:21:59,51.0,52.05,50.95,51.5,0,0
NIFTY,29APR21,14000,PE,2021-04-23,11:22:59,51.6,52.25,51.45,52.05,0,0
NIFTY,29APR21,14000,PE,2021-04-23,11:23:59,52.2,52.9,51.85,52.6,0,0
NIFTY,29APR21,14000,PE,2021-04-23,11:24:59,52.5,52.8,51.9,52.35,0,0
NIFTY,29APR21,14000,PE,2021-04-23,11:25:59,52.2,52.2,51.0,51.45,0,0
NIFTY,29APR21,14000,PE,2021-04-23,11:26:59,51.7,52.5,51.45,52.1,0,0
NIFTY,29APR21,14000,PE,2021-04-23,11:27:59,52.4,52.7,51.95,52.0,0,0
NIFTY,29APR21,14000,PE,2021-04-23,11:28:59,52.05,52.15,51.25,51.75,0,0
NIFTY,29APR21,14000,PE,2021-04-23,11:29:59,51.9,52.7,51.85,52.3,0,0
NIFTY,29APR21,14000,PE,2021-04-23,11:30:59,52.45,53.4,52.0,53.4,0,0
NIFTY,29APR21,14000,PE,2021-04-23,11:31:59,53.2,53.2,50.8,51.4,0,0
NIFTY,29APR21,14000,PE,2021-04-23,11:32:59,51.55,51.55,50.3,50.8,0,0
NIFTY,29APR21,14000,PE,2021-04-23,11:33:59,50.85,52.0,50.3,51.25,0,0
NIFTY,29APR21,14000,PE,2021-04-23,11:34:59,51.5,51.7,50.8,51.7,0,0
NIFTY,29APR21,14000,PE,2021-04-23,11:35:59,51.7,52.3,51.1,51.9,0,0
NIFTY,29APR21,14000,PE,2021-04-23,11:36:59,51.95,52.15,50.8,51.3,0,0
NIFTY,29APR21,14000,PE,2021-04-23,11:37:59,51.45,52.25,51.2,52.05,0,0
NIFTY,29APR21,14000,PE,2021-04-23,11:38:59,52.0,52.85,51.7,52.85,0,0
NIFTY,29APR21,14000,PE,2021-04-23,11:39:59,52.8,52.8,52.0,52.55,0,0
NIFTY,29APR21,14000,PE,2021-04-23,11:40:59,52.65,53.7,52.65,52.95,0,0
NIFTY,29APR21,14000,PE,2021-04-23,11:41:59,52.95,54.3,52.7,54.15,0,0
NIFTY,29APR21,14000,PE,2021-04-23,11:42:59,54.2,55.35,53.45,55.0,0,0
NIFTY,29APR21,14000,PE,2021-04-23,11:43:59,54.8,54.8,53.4,53.55,0,0
NIFTY,29APR21,14000,PE,2021-04-23,11:44:59,53.15,53.75,53.0,53.4,0,0
NIFTY,29APR21,14000,PE,2021-04-23,11:45:59,53.35,53.35,52.2,52.9,0,0
NIFTY,29APR21,14000,PE,2021-04-23,11:46:59,52.65,55.25,52.65,55.25,0,0
NIFTY,29APR21,14000,PE,2021-04-23,11:47:59,55.0,55.35,54.4,54.85,0,0
NIFTY,29APR21,14000,PE,2021-04-23,11:48:59,54.85,55.5,54.05,54.1,0,0
NIFTY,29APR21,14000,PE,2021-04-23,11:49:59,54.2,55.25,53.95,55.0,0,0
NIFTY,29APR21,14000,PE,2021-04-23,11:50:59,54.8,54.9,53.25,53.25,0,0
NIFTY,29APR21,14000,PE,2021-04-23,11:51:59,53.35,54.4,53.0,54.3,0,0
NIFTY,29APR21,14000,PE,2021-04-23,11:52:59,54.0,54.7,53.2,53.55,0,0
NIFTY,29APR21,14000,PE,2021-04-23,11:53:59,53.6,55.0,53.45,54.5,0,0
NIFTY,29APR21,14000,PE,2021-04-23,11:54:59,54.45,55.45,54.45,55.45,0,0
NIFTY,29APR21,14000,PE,2021-04-23,11:55:59,55.85,56.75,55.3,56.3,0,0
NIFTY,29APR21,14000,PE,2021-04-23,11:56:59,56.55,57.0,55.8,56.25,0,0
NIFTY,29APR21,14000,PE,2021-04-23,11:57:59,56.5,56.5,55.05,55.5,0,0
NIFTY,29APR21,14000,PE,2021-04-23,11:58:59,55.75,56.85,55.7,56.4,0,0
NIFTY,29APR21,14000,PE,2021-04-23,11:59:59,56.35,57.45,55.65,56.65,0,0
NIFTY,29APR21,14000,PE,2021-04-23,12:00:59,56.85,57.75,55.5,55.6,0,0
NIFTY,29APR21,14000,PE,2021-04-23,12:01:59,55.5,55.8,54.0,54.5,0,0
NIFTY,29APR21,14000,PE,2021-04-23,12:02:59,54.6,55.05,54.0,54.2,0,0
NIFTY,29APR21,14000,PE,2021-04-23,12:03:59,54.6,55.15,54.15,54.7,0,0
NIFTY,29APR21,14000,PE,2021-04-23,12:04:59,54.45,54.9,53.65,54.6,0,0
NIFTY,29APR21,14000,PE,2021-04-23,12:05:59,54.5,54.8,53.65,54.0,0,0
NIFTY,29APR21,14000,PE,2021-04-23,12:06:59,54.15,54.75,53.75,54.6,0,0
NIFTY,29APR21,14000,PE,2021-04-23,12:07:59,54.6,54.6,53.85,54.0,0,0
NIFTY,29APR21,14000,PE,2021-04-23,12:08:59,54.2,54.9,54.1,54.85,0,0
NIFTY,29APR21,14000,PE,2021-04-23,12:09:59,54.95,55.5,54.55,55.15,0,0
NIFTY,29APR21,14000,PE,2021-04-23,12:10:59,55.35,55.55,54.5,55.45,0,0
NIFTY,29APR21,14000,PE,2021-04-23,12:11:59,55.25,55.5,54.3,55.3,0,0
NIFTY,29APR21,14000,PE,2021-04-23,12:12:59,55.25,55.95,55.1,55.1,0,0
NIFTY,29APR21,14000,PE,2021-04-23,12:13:59,55.0,55.1,54.0,54.7,0,0
NIFTY,29APR21,14000,PE,2021-04-23,12:14:59,54.55,54.75,54.0,54.75,0,0
NIFTY,29APR21,14000,PE,2021-04-23,12:15:59,54.85,57.85,54.85,57.65,0,0
NIFTY,29APR21,14000,PE,2021-04-23,12:16:59,58.2,59.2,57.7,58.6,0,0
NIFTY,29APR21,14000,PE,2021-04-23,12:17:59,58.35,61.65,58.35,61.0,0,0
NIFTY,29APR21,14000,PE,2021-04-23,12:18:59,61.25,62.25,60.75,60.95,0,0
NIFTY,29APR21,14000,PE,2021-04-23,12:19:59,60.85,61.0,59.2,59.7,0,0
NIFTY,29APR21,14000,PE,2021-04-23,12:20:59,59.7,64.0,59.7,62.55,0,0
NIFTY,29APR21,14000,PE,2021-04-23,12:21:59,63.05,63.35,61.8,62.75,0,0
NIFTY,29APR21,14000,PE,2021-04-23,12:22:59,63.0,65.2,62.95,63.95,0,0
NIFTY,29APR21,14000,PE,2021-04-23,12:23:59,63.95,65.0,63.3,64.65,0,0
NIFTY,29APR21,14000,PE,2021-04-23,12:24:59,65.6,66.8,64.85,65.9,0,0
NIFTY,29APR21,14000,PE,2021-04-23,12:25:59,65.75,65.95,62.5,63.3,0,0
NIFTY,29APR21,14000,PE,2021-04-23,12:26:59,63.6,63.8,61.4,62.4,0,0
NIFTY,29APR21,14000,PE,2021-04-23,12:27:59,62.0,62.05,60.5,60.8,0,0
NIFTY,29APR21,14000,PE,2021-04-23,12:28:59,60.7,61.25,59.2,60.05,0,0
NIFTY,29APR21,14000,PE,2021-04-23,12:29:59,60.1,61.6,59.8,61.5,0,0
NIFTY,29APR21,14000,PE,2021-04-23,12:30:59,61.05,61.35,59.0,59.85,0,0
NIFTY,29APR21,14000,PE,2021-04-23,12:31:59,59.85,60.05,58.25,58.25,0,0
NIFTY,29APR21,14000,PE,2021-04-23,12:32:59,58.2,58.6,57.35,58.6,0,0
NIFTY,29APR21,14000,PE,2021-04-23,12:33:59,58.4,60.35,57.75,60.05,0,0
NIFTY,29APR21,14000,PE,2021-04-23,12:34:59,60.3,62.5,60.05,62.0,0,0
NIFTY,29APR21,14000,PE,2021-04-23,12:35:59,62.15,63.85,61.75,63.55,0,0
NIFTY,29APR21,14000,PE,2021-04-23,12:36:59,63.6,64.6,63.2,64.25,0,0
NIFTY,29APR21,14000,PE,2021-04-23,12:37:59,64.7,64.7,61.7,62.25,0,0
NIFTY,29APR21,14000,PE,2021-04-23,12:38:59,61.95,63.55,61.95,62.95,0,0
NIFTY,29APR21,14000,PE,2021-04-23,12:39:59,62.6,64.5,62.15,63.6,0,0
NIFTY,29APR21,14000,PE,2021-04-23,12:40:59,63.85,64.0,62.0,62.6,0,0
NIFTY,29APR21,14000,PE,2021-04-23,12:41:59,62.35,63.0,61.5,61.5,0,0
NIFTY,29APR21,14000,PE,2021-04-23,12:42:59,61.7,61.8,57.45,58.0,0,0
NIFTY,29APR21,14000,PE,2021-04-23,12:43:59,58.0,58.0,54.45,54.8,0,0
NIFTY,29APR21,14000,PE,2021-04-23,12:44:59,55.5,56.3,55.0,55.7,0,0
NIFTY,29APR21,14000,PE,2021-04-23,12:45:59,55.1,55.5,53.75,55.15,0,0
NIFTY,29APR21,14000,PE,2021-04-23,12:46:59,54.75,56.6,54.55,56.6,0,0
NIFTY,29APR21,14000,PE,2021-04-23,12:47:59,56.6,57.5,56.2,56.8,0,0
NIFTY,29APR21,14000,PE,2021-04-23,12:48:59,56.45,58.75,56.4,58.65,0,0
NIFTY,29APR21,14000,PE,2021-04-23,12:49:59,58.45,59.8,57.85,59.8,0,0
NIFTY,29APR21,14000,PE,2021-04-23,12:50:59,59.9,60.0,58.6,59.75,0,0
NIFTY,29APR21,14000,PE,2021-04-23,12:51:59,59.35,61.45,59.35,61.2,0,0
NIFTY,29APR21,14000,PE,2021-04-23,12:52:59,61.4,61.85,60.4,61.15,0,0
NIFTY,29APR21,14000,PE,2021-04-23,12:53:59,61.15,61.15,59.7,60.15,0,0
NIFTY,29APR21,14000,PE,2021-04-23,12:54:59,60.05,62.75,59.85,62.6,0,0
NIFTY,29APR21,14000,PE,2021-04-23,12:55:59,62.75,63.95,61.45,62.0,0,0
NIFTY,29APR21,14000,PE,2021-04-23,12:56:59,62.05,62.3,61.2,61.75,0,0
NIFTY,29APR21,14000,PE,2021-04-23,12:57:59,61.55,62.25,60.3,60.65,0,0
NIFTY,29APR21,14000,PE,2021-04-23,12:58:59,60.35,61.25,59.6,60.9,0,0
NIFTY,29APR21,14000,PE,2021-04-23,12:59:59,61.0,63.0,61.0,63.0,0,0
NIFTY,29APR21,14000,PE,2021-04-23,13:00:59,62.85,63.0,60.6,61.0,0,0
NIFTY,29APR21,14000,PE,2021-04-23,13:01:59,61.2,61.6,60.3,61.55,0,0
NIFTY,29APR21,14000,PE,2021-04-23,13:02:59,61.3,61.75,60.5,61.2,0,0
NIFTY,29APR21,14000,PE,2021-04-23,13:03:59,60.95,60.95,58.35,58.9,0,0
NIFTY,29APR21,14000,PE,2021-04-23,13:04:59,58.75,58.85,57.55,58.0,0,0
NIFTY,29APR21,14000,PE,2021-04-23,13:05:59,57.5,58.1,56.25,58.1,0,0
NIFTY,29APR21,14000,PE,2021-04-23,13:06:59,57.85,60.0,57.85,59.4,0,0
NIFTY,29APR21,14000,PE,2021-04-23,13:07:59,59.35,60.95,59.25,60.5,0,0
NIFTY,29APR21,14000,PE,2021-04-23,13:08:59,60.55,61.0,59.45,59.5,0,0
NIFTY,29APR21,14000,PE,2021-04-23,13:09:59,59.5,60.05,58.3,58.35,0,0
NIFTY,29APR21,14000,PE,2021-04-23,13:10:59,58.45,59.8,57.9,59.8,0,0
NIFTY,29APR21,14000,PE,2021-04-23,13:11:59,59.4,59.55,57.25,58.3,0,0
NIFTY,29APR21,14000,PE,2021-04-23,13:12:59,58.3,60.5,58.25,60.0,0,0
NIFTY,29APR21,14000,PE,2021-04-23,13:13:59,60.0,61.05,59.45,60.15,0,0
NIFTY,29APR21,14000,PE,2021-04-23,13:14:59,60.3,61.2,59.85,60.65,0,0
NIFTY,29APR21,14000,PE,2021-04-23,13:15:59,60.85,61.3,58.6,58.6,0,0
NIFTY,29APR21,14000,PE,2021-04-23,13:16:59,58.8,61.4,58.45,60.9,0,0
NIFTY,29APR21,14000,PE,2021-04-23,13:17:59,61.0,61.0,59.0,59.65,0,0
NIFTY,29APR21,14000,PE,2021-04-23,13:18:59,60.0,61.25,59.7,61.2,0,0
NIFTY,29APR21,14000,PE,2021-04-23,13:19:59,61.05,61.05,57.7,57.85,0,0
NIFTY,29APR21,14000,PE,2021-04-23,13:20:59,58.2,58.65,57.1,58.45,0,0
NIFTY,29APR21,14000,PE,2021-04-23,13:21:59,58.9,60.0,58.65,60.0,0,0
NIFTY,29APR21,14000,PE,2021-04-23,13:22:59,60.15,60.15,57.85,59.0,0,0
NIFTY,29APR21,14000,PE,2021-04-23,13:23:59,59.15,59.2,58.05,58.7,0,0
NIFTY,29APR21,14000,PE,2021-04-23,13:24:59,58.65,58.85,58.0,58.0,0,0
NIFTY,29APR21,14000,PE,2021-04-23,13:25:59,58.65,59.6,58.0,59.3,0,0
NIFTY,29APR21,14000,PE,2021-04-23,13:26:59,59.4,60.0,54.5,55.15,0,0
NIFTY,29APR21,14000,PE,2021-04-23,13:27:59,55.4,55.4,52.25,54.35,0,0
NIFTY,29APR21,14000,PE,2021-04-23,13:28:59,54.4,55.7,53.95,55.15,0,0
NIFTY,29APR21,14000,PE,2021-04-23,13:29:59,55.05,56.25,54.4,54.4,0,0
NIFTY,29APR21,14000,PE,2021-04-23,13:30:59,54.8,57.3,54.8,57.25,0,0
NIFTY,29APR21,14000,PE,2021-04-23,13:31:59,57.0,57.5,55.35,56.0,0,0
NIFTY,29APR21,14000,PE,2021-04-23,13:32:59,55.7,57.1,55.65,56.55,0,0
NIFTY,29APR21,14000,PE,2021-04-23,13:33:59,56.7,57.0,55.8,56.65,0,0
NIFTY,29APR21,14000,PE,2021-04-23,13:34:59,56.55,57.4,55.85,57.0,0,0
NIFTY,29APR21,14000,PE,2021-04-23,13:35:59,57.0,57.2,56.2,56.2,0,0
NIFTY,29APR21,14000,PE,2021-04-23,13:36:59,56.2,60.85,56.05,60.85,0,0
NIFTY,29APR21,14000,PE,2021-04-23,13:37:59,60.5,64.45,60.5,63.65,0,0
NIFTY,29APR21,14000,PE,2021-04-23,13:38:59,63.6,69.3,63.6,66.55,0,0
NIFTY,29APR21,14000,PE,2021-04-23,13:39:59,66.65,71.85,66.65,69.3,0,0
NIFTY,29APR21,14000,PE,2021-04-23,13:40:59,69.35,71.4,64.3,67.3,0,0
NIFTY,29APR21,14000,PE,2021-04-23,13:41:59,67.2,69.3,67.05,68.2,0,0
NIFTY,29APR21,14000,PE,2021-04-23,13:42:59,68.25,68.25,65.15,65.15,0,0
NIFTY,29APR21,14000,PE,2021-04-23,13:43:59,64.95,67.85,64.35,67.2,0,0
NIFTY,29APR21,14000,PE,2021-04-23,13:44:59,67.65,68.8,66.2,66.85,0,0
NIFTY,29APR21,14000,PE,2021-04-23,13:45:59,67.05,70.45,67.0,70.45,0,0
NIFTY,29APR21,14000,PE,2021-04-23,13:46:59,70.1,70.5,66.45,67.65,0,0
NIFTY,29APR21,14000,PE,2021-04-23,13:47:59,68.0,68.0,63.75,65.4,0,0
NIFTY,29APR21,14000,PE,2021-04-23,13:48:59,65.65,65.7,61.15,62.65,0,0
NIFTY,29APR21,14000,PE,2021-04-23,13:49:59,62.65,62.95,59.65,61.85,0,0
NIFTY,29APR21,14000,PE,2021-04-23,13:50:59,61.75,63.15,60.55,62.75,0,0
NIFTY,29APR21,14000,PE,2021-04-23,13:51:59,63.2,63.4,61.2,62.0,0,0
NIFTY,29APR21,14000,PE,2021-04-23,13:52:59,62.2,64.25,62.2,63.4,0,0
NIFTY,29APR21,14000,PE,2021-04-23,13:53:59,63.55,65.2,62.8,64.9,0,0
NIFTY,29APR21,14000,PE,2021-04-23,13:54:59,65.35,65.35,62.4,63.7,0,0
NIFTY,29APR21,14000,PE,2021-04-23,13:55:59,63.5,65.85,62.55,62.55,0,0
NIFTY,29APR21,14000,PE,2021-04-23,13:56:59,62.3,62.75,61.0,62.6,0,0
NIFTY,29APR21,14000,PE,2021-04-23,13:57:59,62.3,63.65,61.6,63.65,0,0
NIFTY,29APR21,14000,PE,2021-04-23,13:58:59,63.7,64.55,63.0,63.65,0,0
NIFTY,29APR21,14000,PE,2021-04-23,13:59:59,63.5,63.65,61.7,62.0,0,0
NIFTY,29APR21,14000,PE,2021-04-23,14:00:59,61.95,62.0,59.0,61.35,0,0
NIFTY,29APR21,14000,PE,2021-04-23,14:01:59,61.2,63.0,61.0,62.55,0,0
NIFTY,29APR21,14000,PE,2021-04-23,14:02:59,62.3,62.35,61.0,62.05,0,0
NIFTY,29APR21,14000,PE,2021-04-23,14:03:59,62.3,62.3,60.05,61.0,0,0
NIFTY,29APR21,14000,PE,2021-04-23,14:04:59,61.05,61.2,60.35,60.8,0,0
NIFTY,29APR21,14000,PE,2021-04-23,14:05:59,60.8,62.85,60.8,62.85,0,0
NIFTY,29APR21,14000,PE,2021-04-23,14:06:59,62.5,62.7,60.5,61.8,0,0
NIFTY,29APR21,14000,PE,2021-04-23,14:07:59,61.8,62.9,61.8,62.1,0,0
NIFTY,29APR21,14000,PE,2021-04-23,14:08:59,61.9,62.4,60.55,60.9,0,0
NIFTY,29APR21,14000,PE,2021-04-23,14:09:59,60.8,64.5,60.5,64.5,0,0
NIFTY,29APR21,14000,PE,2021-04-23,14:10:59,64.5,66.85,64.0,66.8,0,0
NIFTY,29APR21,14000,PE,2021-04-23,14:11:59,67.0,67.0,64.0,66.2,0,0
NIFTY,29APR21,14000,PE,2021-04-23,14:12:59,66.55,66.8,64.05,65.0,0,0
NIFTY,29APR21,14000,PE,2021-04-23,14:13:59,65.0,66.0,64.3,65.5,0,0
NIFTY,29APR21,14000,PE,2021-04-23,14:14:59,65.65,68.0,65.4,67.25,0,0
NIFTY,29APR21,14000,PE,2021-04-23,14:15:59,67.6,68.3,63.75,64.6,0,0
NIFTY,29APR21,14000,PE,2021-04-23,14:16:59,64.35,64.6,62.3,64.6,0,0
NIFTY,29APR21,14000,PE,2021-04-23,14:17:59,64.35,64.6,59.45,59.55,0,0
NIFTY,29APR21,14000,PE,2021-04-23,14:18:59,60.2,63.7,60.0,63.6,0,0
NIFTY,29APR21,14000,PE,2021-04-23,14:19:59,63.3,65.6,63.2,65.05,0,0
NIFTY,29APR21,14000,PE,2021-04-23,14:20:59,65.35,69.25,64.35,69.25,0,0
NIFTY,29APR21,14000,PE,2021-04-23,14:21:59,69.75,71.85,68.75,69.2,0,0
NIFTY,29APR21,14000,PE,2021-04-23,14:22:59,69.0,73.0,68.05,72.75,0,0
NIFTY,29APR21,14000,PE,2021-04-23,14:23:59,72.45,72.5,69.1,69.9,0,0
NIFTY,29APR21,14000,PE,2021-04-23,14:24:59,69.6,70.2,67.65,70.2,0,0
NIFTY,29APR21,14000,PE,2021-04-23,14:25:59,69.8,71.0,68.1,71.0,0,0
NIFTY,29APR21,14000,PE,2021-04-23,14:26:59,71.25,72.35,68.15,68.15,0,0
NIFTY,29APR21,14000,PE,2021-04-23,14:27:59,68.75,71.3,68.75,70.65,0,0
NIFTY,29APR21,14000,PE,2021-04-23,14:28:59,70.85,74.15,70.7,73.2,0,0
NIFTY,29APR21,14000,PE,2021-04-23,14:29:59,73.3,75.0,72.45,74.0,0,0
NIFTY,29APR21,14000,PE,2021-04-23,14:30:59,74.55,76.05,72.8,75.55,0,0
NIFTY,29APR21,14000,PE,2021-04-23,14:31:59,75.5,77.5,74.0,75.0,0,0
NIFTY,29APR21,14000,PE,2021-04-23,14:32:59,74.75,76.4,74.2,75.5,0,0
NIFTY,29APR21,14000,PE,2021-04-23,14:33:59,75.25,75.55,73.0,73.05,0,0
NIFTY,29APR21,14000,PE,2021-04-23,14:34:59,73.25,73.45,69.7,72.0,0,0
NIFTY,29APR21,14000,PE,2021-04-23,14:35:59,71.65,77.6,71.65,77.6,0,0
NIFTY,29APR21,14000,PE,2021-04-23,14:36:59,77.7,78.2,76.45,76.9,0,0
NIFTY,29APR21,14000,PE,2021-04-23,14:37:59,76.0,76.0,72.35,73.45,0,0
NIFTY,29APR21,14000,PE,2021-04-23,14:38:59,73.2,77.2,73.15,76.7,0,0
NIFTY,29APR21,14000,PE,2021-04-23,14:39:59,76.8,77.45,75.0,77.0,0,0
NIFTY,29APR21,14000,PE,2021-04-23,14:40:59,76.85,81.95,76.85,81.45,0,0
NIFTY,29APR21,14000,PE,2021-04-23,14:41:59,81.6,82.95,80.3,82.6,0,0
NIFTY,29APR21,14000,PE,2021-04-23,14:42:59,82.45,85.1,82.45,83.2,0,0
NIFTY,29APR21,14000,PE,2021-04-23,14:43:59,83.15,86.0,81.35,86.0,0,0
NIFTY,29APR21,14000,PE,2021-04-23,14:44:59,87.0,87.6,83.6,85.15,0,0
NIFTY,29APR21,14000,PE,2021-04-23,14:45:59,85.45,87.6,83.55,84.0,0,0
NIFTY,29APR21,14000,PE,2021-04-23,14:46:59,84.0,84.0,78.0,78.95,0,0
NIFTY,29APR21,14000,PE,2021-04-23,14:47:59,79.35,81.4,75.15,77.3,0,0
NIFTY,29APR21,14000,PE,2021-04-23,14:48:59,77.2,78.45,73.65,75.0,0,0
NIFTY,29APR21,14000,PE,2021-04-23,14:49:59,75.15,76.85,73.55,76.4,0,0
NIFTY,29APR21,14000,PE,2021-04-23,14:50:59,76.5,78.45,75.95,78.2,0,0
NIFTY,29APR21,14000,PE,2021-04-23,14:51:59,77.8,80.95,77.8,79.5,0,0
NIFTY,29APR21,14000,PE,2021-04-23,14:52:59,79.4,80.0,77.2,78.4,0,0
NIFTY,29APR21,14000,PE,2021-04-23,14:53:59,79.5,79.8,77.65,78.15,0,0
NIFTY,29APR21,14000,PE,2021-04-23,14:54:59,78.4,78.55,74.4,74.55,0,0
NIFTY,29APR21,14000,PE,2021-04-23,14:55:59,74.65,77.4,74.0,74.9,0,0
NIFTY,29APR21,14000,PE,2021-04-23,14:56:59,75.05,77.0,74.1,74.15,0,0
NIFTY,29APR21,14000,PE,2021-04-23,14:57:59,74.6,74.7,70.4,71.35,0,0
NIFTY,29APR21,14000,PE,2021-04-23,14:58:59,71.5,74.3,71.5,74.15,0,0
NIFTY,29APR21,14000,PE,2021-04-23,14:59:59,74.45,78.0,74.15,77.55,0,0
NIFTY,29APR21,14000,PE,2021-04-23,15:00:59,76.9,76.9,72.25,74.0,0,0
NIFTY,29APR21,14000,PE,2021-04-23,15:01:59,73.85,74.85,71.25,71.25,0,0
NIFTY,29APR21,14000,PE,2021-04-23,15:02:59,71.25,72.4,70.9,71.2,0,0
NIFTY,29APR21,14000,PE,2021-04-23,15:03:59,71.0,71.6,68.6,69.6,0,0
NIFTY,29APR21,14000,PE,2021-04-23,15:04:59,69.3,69.3,65.25,66.6,0,0
NIFTY,29APR21,14000,PE,2021-04-23,15:05:59,66.1,66.2,63.75,64.85,0,0
NIFTY,29APR21,14000,PE,2021-04-23,15:06:59,64.85,65.65,62.85,64.4,0,0
NIFTY,29APR21,14000,PE,2021-04-23,15:07:59,64.3,65.65,63.4,65.4,0,0
NIFTY,29APR21,14000,PE,2021-04-23,15:08:59,65.5,66.25,64.55,66.25,0,0
NIFTY,29APR21,14000,PE,2021-04-23,15:09:59,66.05,66.6,65.15,65.85,0,0
NIFTY,29APR21,14000,PE,2021-04-23,15:10:59,65.75,67.15,64.55,67.15,0,0
NIFTY,29APR21,14000,PE,2021-04-23,15:11:59,67.4,68.4,66.3,67.3,0,0
NIFTY,29APR21,14000,PE,2021-04-23,15:12:59,67.45,68.3,66.85,67.0,0,0
NIFTY,29APR21,14000,PE,2021-04-23,15:13:59,67.05,68.15,66.55,68.15,0,0
NIFTY,29APR21,14000,PE,2021-04-23,15:14:59,68.4,68.85,67.95,68.0,0,0
NIFTY,29APR21,14000,PE,2021-04-23,15:15:59,67.5,67.6,66.0,66.8,0,0
NIFTY,29APR21,14000,PE,2021-04-23,15:16:59,67.0,68.25,67.0,67.1,0,0
NIFTY,29APR21,14000,PE,2021-04-23,15:17:59,67.2,68.3,67.0,68.1,0,0
NIFTY,29APR21,14000,PE,2021-04-23,15:18:59,68.0,68.25,67.55,67.7,0,0
NIFTY,29APR21,14000,PE,2021-04-23,15:19:59,67.55,67.7,66.65,67.0,0,0
NIFTY,29APR21,14000,PE,2021-04-23,15:20:59,66.8,68.5,66.8,68.35,0,0
NIFTY,29APR21,14000,PE,2021-04-23,15:21:59,68.55,68.7,67.05,67.05,0,0
NIFTY,29APR21,14000,PE,2021-04-23,15:22:59,67.2,67.65,66.75,66.9,0,0
NIFTY,29APR21,14000,PE,2021-04-23,15:23:59,66.9,67.8,66.5,67.8,0,0
NIFTY,29APR21,14000,PE,2021-04-23,15:24:59,67.75,68.4,67.75,68.05,0,0
NIFTY,29APR21,14000,PE,2021-04-23,15:25:59,68.2,69.75,68.1,69.75,0,0
NIFTY,29APR21,14000,PE,2021-04-23,15:26:59,69.6,71.75,69.6,71.75,0,0
NIFTY,29APR21,14000,PE,2021-04-23,15:27:59,71.6,72.65,71.55,72.35,0,0
NIFTY,29APR21,14000,PE,2021-04-23,15:28:59,72.45,73.15,72.35,73.1,0,0
NIFTY,29APR21,14000,PE,2021-04-23,15:29:59,73.75,73.8,72.5,73.0,0,0
NIFTY,29APR21,14000,PE,2021-04-26,09:15:59,49.45,49.65,32.0,34.45,0,0
NIFTY,29APR21,14000,PE,2021-04-26,09:16:59,34.2,34.25,32.55,34.15,0,0
NIFTY,29APR21,14000,PE,2021-04-26,09:17:59,34.45,35.75,34.1,34.35,0,0
NIFTY,29APR21,14000,PE,2021-04-26,09:18:59,34.3,35.2,33.7,33.75,0,0
NIFTY,29APR21,14000,PE,2021-04-26,09:19:59,33.85,34.1,31.7,32.1,0,0
NIFTY,29APR21,14000,PE,2021-04-26,09:20:59,31.8,31.8,28.0,28.85,0,0
NIFTY,29APR21,14000,PE,2021-04-26,09:21:59,28.9,29.15,28.15,29.0,0,0
NIFTY,29APR21,14000,PE,2021-04-26,09:22:59,28.7,30.05,28.7,30.0,0,0
NIFTY,29APR21,14000,PE,2021-04-26,09:23:59,29.9,30.15,29.6,29.7,0,0
NIFTY,29APR21,14000,PE,2021-04-26,09:24:59,29.75,30.2,29.25,29.25,0,0
NIFTY,29APR21,14000,PE,2021-04-26,09:25:59,29.2,29.7,28.8,29.25,0,0
NIFTY,29APR21,14000,PE,2021-04-26,09:26:59,29.2,30.0,28.9,29.55,0,0
NIFTY,29APR21,14000,PE,2021-04-26,09:27:59,29.65,30.6,29.5,30.25,0,0
NIFTY,29APR21,14000,PE,2021-04-26,09:28:59,30.4,30.8,30.15,30.25,0,0
NIFTY,29APR21,14000,PE,2021-04-26,09:29:59,30.25,31.0,30.0,30.95,0,0
NIFTY,29APR21,14000,PE,2021-04-26,09:30:59,30.75,30.75,28.0,28.65,0,0
NIFTY,29APR21,14000,PE,2021-04-26,09:31:59,28.3,28.55,27.2,28.15,0,0
NIFTY,29APR21,14000,PE,2021-04-26,09:32:59,27.95,28.15,26.2,26.95,0,0
NIFTY,29APR21,14000,PE,2021-04-26,09:33:59,26.95,27.8,26.65,27.55,0,0
NIFTY,29APR21,14000,PE,2021-04-26,09:34:59,27.55,27.7,26.95,27.7,0,0
NIFTY,29APR21,14000,PE,2021-04-26,09:35:59,27.65,28.15,26.8,27.75,0,0
NIFTY,29APR21,14000,PE,2021-04-26,09:36:59,27.75,27.8,26.85,27.7,0,0
NIFTY,29APR21,14000,PE,2021-04-26,09:37:59,27.9,28.1,27.0,27.9,0,0
NIFTY,29APR21,14000,PE,2021-04-26,09:38:59,27.7,28.25,27.55,28.1,0,0
NIFTY,29APR21,14000,PE,2021-04-26,09:39:59,27.9,28.2,27.35,27.35,0,0
NIFTY,29APR21,14000,PE,2021-04-26,09:40:59,27.6,28.25,27.5,28.25,0,0
NIFTY,29APR21,14000,PE,2021-04-26,09:41:59,28.3,28.75,28.1,28.4,0,0
NIFTY,29APR21,14000,PE,2021-04-26,09:42:59,28.65,28.7,28.1,28.35,0,0
NIFTY,29APR21,14000,PE,2021-04-26,09:43:59,28.4,28.4,27.8,27.9,0,0
NIFTY,29APR21,14000,PE,2021-04-26,09:44:59,28.2,28.25,27.65,28.0,0,0
NIFTY,29APR21,14000,PE,2021-04-26,09:45:59,28.2,28.5,27.8,28.25,0,0
NIFTY,29APR21,14000,PE,2021-04-26,09:46:59,28.1,28.75,28.1,28.75,0,0
NIFTY,29APR21,14000,PE,2021-04-26,09:47:59,28.75,28.75,28.0,28.0,0,0
NIFTY,29APR21,14000,PE,2021-04-26,09:48:59,27.95,28.0,27.3,27.7,0,0
NIFTY,29APR21,14000,PE,2021-04-26,09:49:59,27.65,28.0,27.5,27.75,0,0
NIFTY,29APR21,14000,PE,2021-04-26,09:50:59,27.95,27.95,27.35,27.45,0,0
NIFTY,29APR21,14000,PE,2021-04-26,09:51:59,27.6,27.6,26.6,26.7,0,0
NIFTY,29APR21,14000,PE,2021-04-26,09:52:59,26.8,27.5,26.75,27.25,0,0
NIFTY,29APR21,14000,PE,2021-04-26,09:53:59,27.35,27.55,27.0,27.3,0,0
NIFTY,29APR21,14000,PE,2021-04-26,09:54:59,27.3,27.5,27.1,27.1,0,0
NIFTY,29APR21,14000,PE,2021-04-26,09:55:59,27.25,27.5,26.65,27.3,0,0
NIFTY,29APR21,14000,PE,2021-04-26,09:56:59,27.3,27.45,27.15,27.25,0,0
NIFTY,29APR21,14000,PE,2021-04-26,09:57:59,27.25,27.6,27.1,27.2,0,0
NIFTY,29APR21,14000,PE,2021-04-26,09:58:59,27.25,27.3,26.4,26.5,0,0
NIFTY,29APR21,14000,PE,2021-04-26,09:59:59,26.5,26.8,26.0,26.7,0,0
NIFTY,29APR21,14000,PE,2021-04-26,10:00:59,26.85,26.9,26.15,26.65,0,0
NIFTY,29APR21,14000,PE,2021-04-26,10:01:59,26.65,26.75,26.15,26.6,0,0
NIFTY,29APR21,14000,PE,2021-04-26,10:02:59,26.7,26.9,26.4,26.4,0,0
NIFTY,29APR21,14000,PE,2021-04-26,10:03:59,26.35,26.6,26.15,26.35,0,0
NIFTY,29APR21,14000,PE,2021-04-26,10:04:59,26.45,26.5,25.75,26.25,0,0
NIFTY,29APR21,14000,PE,2021-04-26,10:05:59,26.25,26.7,26.2,26.7,0,0
NIFTY,29APR21,14000,PE,2021-04-26,10:06:59,26.6,26.8,26.35,26.4,0,0
NIFTY,29APR21,14000,PE,2021-04-26,10:07:59,26.3,26.5,26.15,26.4,0,0
NIFTY,29APR21,14000,PE,2021-04-26,10:08:59,26.35,26.8,26.15,26.75,0,0
NIFTY,29APR21,14000,PE,2021-04-26,10:09:59,26.75,26.8,26.35,26.6,0,0
NIFTY,29APR21,14000,PE,2021-04-26,10:10:59,26.6,26.7,26.3,26.45,0,0
NIFTY,29APR21,14000,PE,2021-04-26,10:11:59,26.3,26.8,26.3,26.8,0,0
NIFTY,29APR21,14000,PE,2021-04-26,10:12:59,26.65,27.0,26.6,26.75,0,0
NIFTY,29APR21,14000,PE,2021-04-26,10:13:59,26.85,27.25,26.75,27.2,0,0
NIFTY,29APR21,14000,PE,2021-04-26,10:14:59,27.25,27.6,27.1,27.55,0,0
NIFTY,29APR21,14000,PE,2021-04-26,10:15:59,27.45,27.75,27.0,27.45,0,0
NIFTY,29APR21,14000,PE,2021-04-26,10:16:59,27.4,27.7,27.15,27.5,0,0
NIFTY,29APR21,14000,PE,2021-04-26,10:17:59,27.5,27.6,27.15,27.4,0,0
NIFTY,29APR21,14000,PE,2021-04-26,10:18:59,27.45,27.6,27.1,27.6,0,0
NIFTY,29APR21,14000,PE,2021-04-26,10:19:59,27.55,27.9,27.5,27.7,0,0
NIFTY,29APR21,14000,PE,2021-04-26,10:20:59,27.55,27.65,27.1,27.5,0,0
NIFTY,29APR21,14000,PE,2021-04-26,10:21:59,27.5,27.9,27.5,27.6,0,0
NIFTY,29APR21,14000,PE,2021-04-26,10:22:59,27.6,27.75,27.15,27.6,0,0
NIFTY,29APR21,14000,PE,2021-04-26,10:23:59,27.75,27.75,27.0,27.25,0,0
NIFTY,29APR21,14000,PE,2021-04-26,10:24:59,27.1,27.5,27.05,27.35,0,0
NIFTY,29APR21,14000,PE,2021-04-26,10:25:59,27.4,27.4,26.5,26.8,0,0
NIFTY,29APR21,14000,PE,2021-04-26,10:26:59,26.85,27.4,26.6,27.15,0,0
NIFTY,29APR21,14000,PE,2021-04-26,10:27:59,27.2,27.6,27.15,27.35,0,0
NIFTY,29APR21,14000,PE,2021-04-26,10:28:59,27.35,27.5,26.9,27.05,0,0
NIFTY,29APR21,14000,PE,2021-04-26,10:29:59,27.0,27.15,26.7,26.7,0,0
NIFTY,29APR21,14000,PE,2021-04-26,10:30:59,26.65,27.35,26.5,27.15,0,0
NIFTY,29APR21,14000,PE,2021-04-26,10:31:59,27.1,27.1,26.7,27.0,0,0
NIFTY,29APR21,14000,PE,2021-04-26,10:32:59,26.85,27.0,26.6,26.7,0,0
NIFTY,29APR21,14000,PE,2021-04-26,10:33:59,26.6,26.8,26.15,26.4,0,0
NIFTY,29APR21,14000,PE,2021-04-26,10:34:59,26.25,27.5,26.25,27.25,0,0
NIFTY,29APR21,14000,PE,2021-04-26,10:35:59,27.25,28.3,27.2,28.3,0,0
NIFTY,29APR21,14000,PE,2021-04-26,10:36:59,28.2,28.4,27.6,27.85,0,0
NIFTY,29APR21,14000,PE,2021-04-26,10:37:59,27.8,28.0,27.55,27.8,0,0
NIFTY,29APR21,14000,PE,2021-04-26,10:38:59,27.75,28.1,27.6,27.85,0,0
NIFTY,29APR21,14000,PE,2021-04-26,10:39:59,27.7,27.9,27.1,27.5,0,0
NIFTY,29APR21,14000,PE,2021-04-26,10:40:59,27.55,28.0,27.5,27.95,0,0
NIFTY,29APR21,14000,PE,2021-04-26,10:41:59,28.0,28.1,27.2,27.35,0,0
NIFTY,29APR21,14000,PE,2021-04-26,10:42:59,27.2,27.7,27.2,27.7,0,0
NIFTY,29APR21,14000,PE,2021-04-26,10:43:59,27.75,27.75,27.0,27.6,0,0
NIFTY,29APR21,14000,PE,2021-04-26,10:44:59,27.6,27.7,27.4,27.6,0,0
NIFTY,29APR21,14000,PE,2021-04-26,10:45:59,27.5,27.7,27.0,27.7,0,0
NIFTY,29APR21,14000,PE,2021-04-26,10:46:59,27.4,27.8,27.25,27.8,0,0
NIFTY,29APR21,14000,PE,2021-04-26,10:47:59,27.75,28.35,27.75,28.25,0,0
NIFTY,29APR21,14000,PE,2021-04-26,10:48:59,28.35,28.6,28.0,28.1,0,0
NIFTY,29APR21,14000,PE,2021-04-26,10:49:59,28.0,28.05,27.6,28.0,0,0
NIFTY,29APR21,14000,PE,2021-04-26,10:50:59,27.95,28.15,27.45,27.75,0,0
NIFTY,29APR21,14000,PE,2021-04-26,10:51:59,27.8,28.3,27.75,28.1,0,0
NIFTY,29APR21,14000,PE,2021-04-26,10:52:59,28.2,28.6,28.15,28.15,0,0
NIFTY,29APR21,14000,PE,2021-04-26,10:53:59,28.25,28.25,27.9,28.2,0,0
NIFTY,29APR21,14000,PE,2021-04-26,10:54:59,28.25,28.35,27.8,28.15,0,0
NIFTY,29APR21,14000,PE,2021-04-26,10:55:59,28.2,28.2,27.9,28.1,0,0
NIFTY,29APR21,14000,PE,2021-04-26,10:56:59,28.2,28.7,28.0,28.2,0,0
NIFTY,29APR21,14000,PE,2021-04-26,10:57:59,28.3,29.0,28.25,28.45,0,0
NIFTY,29APR21,14000,PE,2021-04-26,10:58:59,28.35,28.45,27.95,27.95,0,0
NIFTY,29APR21,14000,PE,2021-04-26,10:59:59,27.9,27.9,27.5,27.55,0,0
NIFTY,29APR21,14000,PE,2021-04-26,11:00:59,27.55,27.75,26.8,26.95,0,0
NIFTY,29APR21,14000,PE,2021-04-26,11:01:59,26.8,26.85,26.25,26.55,0,0
NIFTY,29APR21,14000,PE,2021-04-26,11:02:59,26.55,26.65,24.8,25.35,0,0
NIFTY,29APR21,14000,PE,2021-04-26,11:03:59,25.4,25.7,25.25,25.4,0,0
NIFTY,29APR21,14000,PE,2021-04-26,11:04:59,25.3,25.65,25.3,25.35,0,0
NIFTY,29APR21,14000,PE,2021-04-26,11:05:59,25.4,25.5,25.0,25.3,0,0
NIFTY,29APR21,14000,PE,2021-04-26,11:06:59,25.45,25.8,25.3,25.8,0,0
NIFTY,29APR21,14000,PE,2021-04-26,11:07:59,25.8,25.85,25.45,25.65,0,0
NIFTY,29APR21,14000,PE,2021-04-26,11:08:59,25.55,25.75,25.45,25.55,0,0
NIFTY,29APR21,14000,PE,2021-04-26,11:09:59,25.6,25.85,25.45,25.55,0,0
NIFTY,29APR21,14000,PE,2021-04-26,11:10:59,25.7,25.9,25.4,25.8,0,0
NIFTY,29APR21,14000,PE,2021-04-26,11:11:59,25.85,25.95,25.6,25.7,0,0
NIFTY,29APR21,14000,PE,2021-04-26,11:12:59,25.8,26.0,25.5,26.0,0,0
NIFTY,29APR21,14000,PE,2021-04-26,11:13:59,25.85,25.9,25.5,25.6,0,0
NIFTY,29APR21,14000,PE,2021-04-26,11:14:59,25.8,25.8,25.3,25.5,0,0
NIFTY,29APR21,14000,PE,2021-04-26,11:15:59,25.5,25.8,25.15,25.7,0,0
NIFTY,29APR21,14000,PE,2021-04-26,11:16:59,25.75,26.05,25.55,25.9,0,0
NIFTY,29APR21,14000,PE,2021-04-26,11:17:59,25.85,26.0,25.4,25.5,0,0
NIFTY,29APR21,14000,PE,2021-04-26,11:18:59,25.6,25.9,25.55,25.9,0,0
NIFTY,29APR21,14000,PE,2021-04-26,11:19:59,25.9,25.9,25.55,25.75,0,0
NIFTY,29APR21,14000,PE,2021-04-26,11:20:59,25.65,25.8,25.4,25.6,0,0
NIFTY,29APR21,14000,PE,2021-04-26,11:21:59,25.5,26.0,25.5,25.75,0,0
NIFTY,29APR21,14000,PE,2021-04-26,11:22:59,25.7,26.0,25.5,26.0,0,0
NIFTY,29APR21,14000,PE,2021-04-26,11:23:59,26.0,26.7,26.0,26.65,0,0
NIFTY,29APR21,14000,PE,2021-04-26,11:24:59,26.55,26.7,26.35,26.65,0,0
NIFTY,29APR21,14000,PE,2021-04-26,11:25:59,26.65,26.75,26.35,26.55,0,0
NIFTY,29APR21,14000,PE,2021-04-26,11:26:59,26.55,26.6,25.9,25.95,0,0
NIFTY,29APR21,14000,PE,2021-04-26,11:27:59,26.05,26.55,26.05,26.4,0,0
NIFTY,29APR21,14000,PE,2021-04-26,11:28:59,26.4,26.7,26.2,26.5,0,0
NIFTY,29APR21,14000,PE,2021-04-26,11:29:59,26.55,27.0,26.5,27.0,0,0
NIFTY,29APR21,14000,PE,2021-04-26,11:30:59,26.95,27.1,26.5,26.55,0,0
NIFTY,29APR21,14000,PE,2021-04-26,11:31:59,26.55,26.55,26.15,26.3,0,0
NIFTY,29APR21,14000,PE,2021-04-26,11:32:59,26.2,26.4,26.0,26.1,0,0
NIFTY,29APR21,14000,PE,2021-04-26,11:33:59,26.1,26.5,25.8,26.3,0,0
NIFTY,29APR21,14000,PE,2021-04-26,11:34:59,26.3,26.65,26.3,26.5,0,0
NIFTY,29APR21,14000,PE,2021-04-26,11:35:59,26.55,26.9,26.4,26.75,0,0
NIFTY,29APR21,14000,PE,2021-04-26,11:36:59,26.75,27.15,26.75,27.0,0,0
NIFTY,29APR21,14000,PE,2021-04-26,11:37:59,27.1,27.75,27.0,27.65,0,0
NIFTY,29APR21,14000,PE,2021-04-26,11:38:59,27.5,28.1,26.5,26.5,0,0
NIFTY,29APR21,14000,PE,2021-04-26,11:39:59,26.45,26.5,25.75,26.1,0,0
NIFTY,29APR21,14000,PE,2021-04-26,11:40:59,26.15,26.4,26.0,26.3,0,0
NIFTY,29APR21,14000,PE,2021-04-26,11:41:59,26.25,26.25,25.7,25.85,0,0
NIFTY,29APR21,14000,PE,2021-04-26,11:42:59,25.9,26.1,25.6,25.6,0,0
NIFTY,29APR21,14000,PE,2021-04-26,11:43:59,25.65,25.9,25.4,25.9,0,0
NIFTY,29APR21,14000,PE,2021-04-26,11:44:59,25.85,26.15,25.75,26.15,0,0
NIFTY,29APR21,14000,PE,2021-04-26,11:45:59,26.1,26.7,26.05,26.55,0,0
NIFTY,29APR21,14000,PE,2021-04-26,11:46:59,26.5,26.55,26.0,26.3,0,0
NIFTY,29APR21,14000,PE,2021-04-26,11:47:59,26.3,26.4,25.85,26.0,0,0
NIFTY,29APR21,14000,PE,2021-04-26,11:48:59,26.0,26.25,25.8,26.2,0,0
NIFTY,29APR21,14000,PE,2021-04-26,11:49:59,26.3,26.45,25.85,26.3,0,0
NIFTY,29APR21,14000,PE,2021-04-26,11:50:59,26.35,26.45,26.1,26.3,0,0
NIFTY,29APR21,14000,PE,2021-04-26,11:51:59,26.35,26.7,26.35,26.35,0,0
NIFTY,29APR21,14000,PE,2021-04-26,11:52:59,26.3,26.9,26.25,26.75,0,0
NIFTY,29APR21,14000,PE,2021-04-26,11:53:59,26.75,27.35,26.75,27.25,0,0
NIFTY,29APR21,14000,PE,2021-04-26,11:54:59,27.3,27.3,26.45,26.9,0,0
NIFTY,29APR21,14000,PE,2021-04-26,11:55:59,26.75,26.9,26.05,26.05,0,0
NIFTY,29APR21,14000,PE,2021-04-26,11:56:59,25.85,26.8,25.75,26.5,0,0
NIFTY,29APR21,14000,PE,2021-04-26,11:57:59,26.5,26.75,26.2,26.65,0,0
NIFTY,29APR21,14000,PE,2021-04-26,11:58:59,26.7,26.75,26.3,26.6,0,0
NIFTY,29APR21,14000,PE,2021-04-26,11:59:59,26.7,27.2,26.5,27.0,0,0
NIFTY,29APR21,14000,PE,2021-04-26,12:00:59,26.85,27.3,26.7,27.0,0,0
NIFTY,29APR21,14000,PE,2021-04-26,12:01:59,27.15,27.25,26.5,26.7,0,0
NIFTY,29APR21,14000,PE,2021-04-26,12:02:59,26.8,26.8,26.15,26.65,0,0
NIFTY,29APR21,14000,PE,2021-04-26,12:03:59,26.65,26.65,26.05,26.3,0,0
NIFTY,29APR21,14000,PE,2021-04-26,12:04:59,26.2,26.8,26.2,26.25,0,0
NIFTY,29APR21,14000,PE,2021-04-26,12:05:59,26.2,26.4,25.9,26.4,0,0
NIFTY,29APR21,14000,PE,2021-04-26,12:06:59,26.3,26.65,26.25,26.3,0,0
NIFTY,29APR21,14000,PE,2021-04-26,12:07:59,26.25,26.6,26.0,26.0,0,0
NIFTY,29APR21,14000,PE,2021-04-26,12:08:59,25.95,26.3,25.6,26.3,0,0
NIFTY,29APR21,14000,PE,2021-04-26,12:09:59,26.3,26.8,26.15,26.55,0,0
NIFTY,29APR21,14000,PE,2021-04-26,12:10:59,26.6,26.9,26.35,26.4,0,0
NIFTY,29APR21,14000,PE,2021-04-26,12:11:59,26.4,26.6,26.1,26.5,0,0
NIFTY,29APR21,14000,PE,2021-04-26,12:12:59,26.55,26.8,26.25,26.7,0,0
NIFTY,29APR21,14000,PE,2021-04-26,12:13:59,26.65,26.65,25.95,26.2,0,0
NIFTY,29APR21,14000,PE,2021-04-26,12:14:59,26.2,26.7,26.2,26.65,0,0
NIFTY,29APR21,14000,PE,2021-04-26,12:15:59,26.6,27.0,25.5,26.15,0,0
NIFTY,29APR21,14000,PE,2021-04-26,12:16:59,26.05,26.2,25.25,26.0,0,0
NIFTY,29APR21,14000,PE,2021-04-26,12:17:59,25.9,26.5,25.75,26.3,0,0
NIFTY,29APR21,14000,PE,2021-04-26,12:18:59,26.4,27.3,26.4,27.25,0,0
NIFTY,29APR21,14000,PE,2021-04-26,12:19:59,27.15,27.45,26.85,27.35,0,0
NIFTY,29APR21,14000,PE,2021-04-26,12:20:59,27.4,27.5,26.8,27.1,0,0
NIFTY,29APR21,14000,PE,2021-04-26,12:21:59,27.2,28.5,27.2,28.25,0,0
NIFTY,29APR21,14000,PE,2021-04-26,12:22:59,28.3,29.1,28.05,28.7,0,0
NIFTY,29APR21,14000,PE,2021-04-26,12:23:59,28.75,29.05,28.0,28.2,0,0
NIFTY,29APR21,14000,PE,2021-04-26,12:24:59,28.0,28.65,27.65,28.6,0,0
NIFTY,29APR21,14000,PE,2021-04-26,12:25:59,28.4,29.6,28.4,29.5,0,0
NIFTY,29APR21,14000,PE,2021-04-26,12:26:59,29.5,29.65,28.0,28.8,0,0
NIFTY,29APR21,14000,PE,2021-04-26,12:27:59,28.5,28.95,28.25,28.45,0,0
NIFTY,29APR21,14000,PE,2021-04-26,12:28:59,28.55,28.55,28.1,28.45,0,0
NIFTY,29APR21,14000,PE,2021-04-26,12:29:59,28.4,28.7,27.65,28.6,0,0
NIFTY,29APR21,14000,PE,2021-04-26,12:30:59,28.6,28.95,28.35,28.8,0,0
NIFTY,29APR21,14000,PE,2021-04-26,12:31:59,28.8,29.65,28.75,29.3,0,0
NIFTY,29APR21,14000,PE,2021-04-26,12:32:59,29.5,29.5,28.65,28.75,0,0
NIFTY,29APR21,14000,PE,2021-04-26,12:33:59,28.8,29.3,28.75,29.0,0,0
NIFTY,29APR21,14000,PE,2021-04-26,12:34:59,29.0,29.15,28.55,29.1,0,0
NIFTY,29APR21,14000,PE,2021-04-26,12:35:59,29.05,29.2,27.8,27.9,0,0
NIFTY,29APR21,14000,PE,2021-04-26,12:36:59,28.15,28.55,27.75,28.0,0,0
NIFTY,29APR21,14000,PE,2021-04-26,12:37:59,28.1,28.75,28.05,28.35,0,0
NIFTY,29APR21,14000,PE,2021-04-26,12:38:59,28.4,28.7,28.0,28.15,0,0
NIFTY,29APR21,14000,PE,2021-04-26,12:39:59,28.1,28.15,27.0,27.4,0,0
NIFTY,29APR21,14000,PE,2021-04-26,12:40:59,27.4,27.45,26.45,27.3,0,0
NIFTY,29APR21,14000,PE,2021-04-26,12:41:59,27.25,27.9,27.25,27.75,0,0
NIFTY,29APR21,14000,PE,2021-04-26,12:42:59,27.75,27.95,27.65,27.95,0,0
NIFTY,29APR21,14000,PE,2021-04-26,12:43:59,28.0,28.2,27.8,27.8,0,0
NIFTY,29APR21,14000,PE,2021-04-26,12:44:59,27.8,27.8,27.0,27.0,0,0
NIFTY,29APR21,14000,PE,2021-04-26,12:45:59,26.9,26.9,25.65,26.65,0,0
NIFTY,29APR21,14000,PE,2021-04-26,12:46:59,26.55,26.6,25.9,26.4,0,0
NIFTY,29APR21,14000,PE,2021-04-26,12:47:59,26.4,26.85,26.1,26.65,0,0
NIFTY,29APR21,14000,PE,2021-04-26,12:48:59,26.6,27.0,26.4,27.0,0,0
NIFTY,29APR21,14000,PE,2021-04-26,12:49:59,27.0,27.2,26.7,26.95,0,0
NIFTY,29APR21,14000,PE,2021-04-26,12:50:59,26.95,27.0,26.15,26.45,0,0
NIFTY,29APR21,14000,PE,2021-04-26,12:51:59,26.65,27.55,26.5,27.45,0,0
NIFTY,29APR21,14000,PE,2021-04-26,12:52:59,27.5,27.9,27.1,27.9,0,0
NIFTY,29APR21,14000,PE,2021-04-26,12:53:59,27.8,27.9,27.25,27.3,0,0
NIFTY,29APR21,14000,PE,2021-04-26,12:54:59,27.2,27.35,26.25,26.45,0,0
NIFTY,29APR21,14000,PE,2021-04-26,12:55:59,26.55,26.9,26.1,26.8,0,0
NIFTY,29APR21,14000,PE,2021-04-26,12:56:59,26.55,27.0,26.3,26.3,0,0
NIFTY,29APR21,14000,PE,2021-04-26,12:57:59,26.35,26.75,26.3,26.55,0,0
NIFTY,29APR21,14000,PE,2021-04-26,12:58:59,26.55,26.75,26.1,26.55,0,0
NIFTY,29APR21,14000,PE,2021-04-26,12:59:59,26.5,26.65,25.8,26.05,0,0
NIFTY,29APR21,14000,PE,2021-04-26,13:00:59,26.1,26.3,25.75,26.0,0,0
NIFTY,29APR21,14000,PE,2021-04-26,13:01:59,26.0,26.15,25.65,26.05,0,0
NIFTY,29APR21,14000,PE,2021-04-26,13:02:59,26.05,26.3,26.0,26.2,0,0
NIFTY,29APR21,14000,PE,2021-04-26,13:03:59,26.1,26.3,25.9,26.05,0,0
NIFTY,29APR21,14000,PE,2021-04-26,13:04:59,26.05,26.35,25.8,25.8,0,0
NIFTY,29APR21,14000,PE,2021-04-26,13:05:59,25.95,25.95,25.0,25.65,0,0
NIFTY,29APR21,14000,PE,2021-04-26,13:06:59,25.6,25.75,25.3,25.75,0,0
NIFTY,29APR21,14000,PE,2021-04-26,13:07:59,25.7,26.1,25.6,25.85,0,0
NIFTY,29APR21,14000,PE,2021-04-26,13:08:59,25.85,26.1,25.8,26.0,0,0
NIFTY,29APR21,14000,PE,2021-04-26,13:09:59,26.0,26.7,26.0,26.45,0,0
NIFTY,29APR21,14000,PE,2021-04-26,13:10:59,26.65,26.95,26.5,26.8,0,0
NIFTY,29APR21,14000,PE,2021-04-26,13:11:59,26.7,27.0,26.7,26.8,0,0
NIFTY,29APR21,14000,PE,2021-04-26,13:12:59,26.8,27.45,26.8,27.1,0,0
NIFTY,29APR21,14000,PE,2021-04-26,13:13:59,27.0,27.1,26.45,26.95,0,0
NIFTY,29APR21,14000,PE,2021-04-26,13:14:59,26.9,27.0,26.6,26.6,0,0
NIFTY,29APR21,14000,PE,2021-04-26,13:15:59,26.55,27.0,26.0,27.0,0,0
NIFTY,29APR21,14000,PE,2021-04-26,13:16:59,27.1,27.7,26.9,27.6,0,0
NIFTY,29APR21,14000,PE,2021-04-26,13:17:59,27.75,27.95,27.4,27.5,0,0
NIFTY,29APR21,14000,PE,2021-04-26,13:18:59,27.5,27.75,26.65,27.3,0,0
NIFTY,29APR21,14000,PE,2021-04-26,13:19:59,27.15,27.75,27.0,27.35,0,0
NIFTY,29APR21,14000,PE,2021-04-26,13:20:59,27.45,27.5,26.75,26.85,0,0
NIFTY,29APR21,14000,PE,2021-04-26,13:21:59,26.85,27.0,26.2,26.75,0,0
NIFTY,29APR21,14000,PE,2021-04-26,13:22:59,26.7,26.8,26.35,26.65,0,0
NIFTY,29APR21,14000,PE,2021-04-26,13:23:59,26.9,26.9,26.65,26.85,0,0
NIFTY,29APR21,14000,PE,2021-04-26,13:24:59,26.8,27.0,26.7,26.9,0,0
NIFTY,29APR21,14000,PE,2021-04-26,13:25:59,26.8,26.8,25.7,25.7,0,0
NIFTY,29APR21,14000,PE,2021-04-26,13:26:59,26.0,26.8,26.0,26.65,0,0
NIFTY,29APR21,14000,PE,2021-04-26,13:27:59,26.65,26.7,26.2,26.7,0,0
NIFTY,29APR21,14000,PE,2021-04-26,13:28:59,26.7,26.7,26.0,26.25,0,0
NIFTY,29APR21,14000,PE,2021-04-26,13:29:59,26.25,26.35,25.8,26.05,0,0
NIFTY,29APR21,14000,PE,2021-04-26,13:30:59,26.05,26.2,25.65,26.1,0,0
NIFTY,29APR21,14000,PE,2021-04-26,13:31:59,26.3,26.85,26.25,26.85,0,0
NIFTY,29APR21,14000,PE,2021-04-26,13:32:59,26.75,27.9,26.6,27.75,0,0
NIFTY,29APR21,14000,PE,2021-04-26,13:33:59,27.75,28.7,27.65,28.15,0,0
NIFTY,29APR21,14000,PE,2021-04-26,13:34:59,28.1,28.4,27.45,27.8,0,0
NIFTY,29APR21,14000,PE,2021-04-26,13:35:59,27.8,28.0,27.05,27.4,0,0
NIFTY,29APR21,14000,PE,2021-04-26,13:36:59,27.45,27.95,27.35,27.85,0,0
NIFTY,29APR21,14000,PE,2021-04-26,13:37:59,27.9,28.15,27.7,27.7,0,0
NIFTY,29APR21,14000,PE,2021-04-26,13:38:59,27.7,27.7,25.75,25.75,0,0
NIFTY,29APR21,14000,PE,2021-04-26,13:39:59,25.8,26.6,25.65,26.45,0,0
NIFTY,29APR21,14000,PE,2021-04-26,13:40:59,26.45,27.1,26.15,27.1,0,0
NIFTY,29APR21,14000,PE,2021-04-26,13:41:59,26.9,27.3,26.5,26.8,0,0
NIFTY,29APR21,14000,PE,2021-04-26,13:42:59,26.9,26.9,26.1,26.75,0,0
NIFTY,29APR21,14000,PE,2021-04-26,13:43:59,26.8,27.5,26.8,27.35,0,0
NIFTY,29APR21,14000,PE,2021-04-26,13:44:59,27.6,27.6,27.05,27.15,0,0
NIFTY,29APR21,14000,PE,2021-04-26,13:45:59,27.3,27.85,26.9,27.5,0,0
NIFTY,29APR21,14000,PE,2021-04-26,13:46:59,27.6,27.8,27.45,27.6,0,0
NIFTY,29APR21,14000,PE,2021-04-26,13:47:59,27.65,27.7,26.75,26.8,0,0
NIFTY,29APR21,14000,PE,2021-04-26,13:48:59,26.75,26.75,25.9,26.55,0,0
NIFTY,29APR21,14000,PE,2021-04-26,13:49:59,26.4,26.55,26.05,26.5,0,0
NIFTY,29APR21,14000,PE,2021-04-26,13:50:59,26.5,27.0,26.45,27.0,0,0
NIFTY,29APR21,14000,PE,2021-04-26,13:51:59,27.05,27.6,27.0,27.0,0,0
NIFTY,29APR21,14000,PE,2021-04-26,13:52:59,27.2,27.35,23.9,24.35,0,0
NIFTY,29APR21,14000,PE,2021-04-26,13:53:59,24.95,25.05,21.0,22.8,0,0
NIFTY,29APR21,14000,PE,2021-04-26,13:54:59,22.75,23.5,22.5,23.15,0,0
NIFTY,29APR21,14000,PE,2021-04-26,13:55:59,23.2,24.25,23.2,24.0,0,0
NIFTY,29APR21,14000,PE,2021-04-26,13:56:59,23.95,24.5,23.6,24.0,0,0
NIFTY,29APR21,14000,PE,2021-04-26,13:57:59,24.0,24.1,23.7,23.8,0,0
NIFTY,29APR21,14000,PE,2021-04-26,13:58:59,23.9,24.0,23.55,23.85,0,0
NIFTY,29APR21,14000,PE,2021-04-26,13:59:59,23.9,24.0,23.65,23.8,0,0
NIFTY,29APR21,14000,PE,2021-04-26,14:00:59,23.75,23.9,22.7,22.7,0,0
NIFTY,29APR21,14000,PE,2021-04-26,14:01:59,22.8,22.85,21.85,22.4,0,0
NIFTY,29APR21,14000,PE,2021-04-26,14:02:59,22.2,22.8,22.15,22.5,0,0
NIFTY,29APR21,14000,PE,2021-04-26,14:03:59,22.6,22.6,22.2,22.5,0,0
NIFTY,29APR21,14000,PE,2021-04-26,14:04:59,22.45,22.7,22.3,22.7,0,0
NIFTY,29APR21,14000,PE,2021-04-26,14:05:59,22.7,23.5,22.65,23.5,0,0
NIFTY,29APR21,14000,PE,2021-04-26,14:06:59,23.55,23.65,23.1,23.2,0,0
NIFTY,29APR21,14000,PE,2021-04-26,14:07:59,23.2,23.5,23.2,23.5,0,0
NIFTY,29APR21,14000,PE,2021-04-26,14:08:59,23.55,24.5,23.45,24.35,0,0
NIFTY,29APR21,14000,PE,2021-04-26,14:09:59,24.4,24.85,24.1,24.75,0,0
NIFTY,29APR21,14000,PE,2021-04-26,14:10:59,24.65,24.65,24.0,24.1,0,0
NIFTY,29APR21,14000,PE,2021-04-26,14:11:59,24.15,24.6,24.1,24.5,0,0
NIFTY,29APR21,14000,PE,2021-04-26,14:12:59,24.65,24.9,24.45,24.5,0,0
NIFTY,29APR21,14000,PE,2021-04-26,14:13:59,24.4,24.75,24.35,24.6,0,0
NIFTY,29APR21,14000,PE,2021-04-26,14:14:59,24.6,24.65,24.15,24.35,0,0
NIFTY,29APR21,14000,PE,2021-04-26,14:15:59,24.3,24.65,23.85,24.5,0,0
NIFTY,29APR21,14000,PE,2021-04-26,14:16:59,24.55,24.75,24.25,24.35,0,0
NIFTY,29APR21,14000,PE,2021-04-26,14:17:59,24.4,24.65,23.9,24.4,0,0
NIFTY,29APR21,14000,PE,2021-04-26,14:18:59,24.5,24.6,24.2,24.6,0,0
NIFTY,29APR21,14000,PE,2021-04-26,14:19:59,24.6,24.7,24.35,24.4,0,0
NIFTY,29APR21,14000,PE,2021-04-26,14:20:59,24.35,24.8,24.35,24.65,0,0
NIFTY,29APR21,14000,PE,2021-04-26,14:21:59,24.65,25.15,24.65,24.85,0,0
NIFTY,29APR21,14000,PE,2021-04-26,14:22:59,24.9,25.5,24.8,25.2,0,0
NIFTY,29APR21,14000,PE,2021-04-26,14:23:59,25.45,25.5,24.7,24.9,0,0
NIFTY,29APR21,14000,PE,2021-04-26,14:24:59,24.75,25.6,24.75,25.6,0,0
NIFTY,29APR21,14000,PE,2021-04-26,14:25:59,25.55,28.15,25.5,27.75,0,0
NIFTY,29APR21,14000,PE,2021-04-26,14:26:59,27.8,27.95,26.9,26.9,0,0
NIFTY,29APR21,14000,PE,2021-04-26,14:27:59,27.0,27.75,26.85,26.95,0,0
NIFTY,29APR21,14000,PE,2021-04-26,14:28:59,26.95,26.95,25.4,25.4,0,0
NIFTY,29APR21,14000,PE,2021-04-26,14:29:59,25.2,26.25,25.05,26.1,0,0
NIFTY,29APR21,14000,PE,2021-04-26,14:30:59,26.0,26.0,24.55,24.85,0,0
NIFTY,29APR21,14000,PE,2021-04-26,14:31:59,24.85,25.3,24.15,24.35,0,0
NIFTY,29APR21,14000,PE,2021-04-26,14:32:59,24.55,25.85,24.5,25.85,0,0
NIFTY,29APR21,14000,PE,2021-04-26,14:33:59,25.85,25.85,25.4,25.8,0,0
NIFTY,29APR21,14000,PE,2021-04-26,14:34:59,25.65,26.7,25.55,26.7,0,0
NIFTY,29APR21,14000,PE,2021-04-26,14:35:59,26.75,26.85,25.7,26.05,0,0
NIFTY,29APR21,14000,PE,2021-04-26,14:36:59,26.15,26.45,25.8,26.2,0,0
NIFTY,29APR21,14000,PE,2021-04-26,14:37:59,26.15,26.35,25.55,25.7,0,0
NIFTY,29APR21,14000,PE,2021-04-26,14:38:59,25.95,26.2,25.3,25.3,0,0
NIFTY,29APR21,14000,PE,2021-04-26,14:39:59,25.4,26.0,25.2,25.65,0,0
NIFTY,29APR21,14000,PE,2021-04-26,14:40:59,25.65,25.9,24.6,24.7,0,0
NIFTY,29APR21,14000,PE,2021-04-26,14:41:59,24.6,25.35,24.25,25.0,0,0
NIFTY,29APR21,14000,PE,2021-04-26,14:42:59,24.9,25.0,24.6,24.8,0,0
NIFTY,29APR21,14000,PE,2021-04-26,14:43:59,24.75,24.9,24.1,24.5,0,0
NIFTY,29APR21,14000,PE,2021-04-26,14:44:59,24.4,25.1,24.4,24.95,0,0
NIFTY,29APR21,14000,PE,2021-04-26,14:45:59,24.9,24.9,23.75,23.75,0,0
NIFTY,29APR21,14000,PE,2021-04-26,14:46:59,23.2,23.4,22.25,23.15,0,0
NIFTY,29APR21,14000,PE,2021-04-26,14:47:59,23.0,23.3,22.75,23.25,0,0
NIFTY,29APR21,14000,PE,2021-04-26,14:48:59,23.2,23.45,23.05,23.25,0,0
NIFTY,29APR21,14000,PE,2021-04-26,14:49:59,23.25,23.75,23.2,23.7,0,0
NIFTY,29APR21,14000,PE,2021-04-26,14:50:59,23.55,23.65,23.0,23.35,0,0
NIFTY,29APR21,14000,PE,2021-04-26,14:51:59,23.4,23.55,23.0,23.1,0,0
NIFTY,29APR21,14000,PE,2021-04-26,14:52:59,23.1,23.8,23.0,23.8,0,0
NIFTY,29APR21,14000,PE,2021-04-26,14:53:59,23.6,23.7,23.0,23.4,0,0
NIFTY,29APR21,14000,PE,2021-04-26,14:54:59,23.45,23.9,23.05,23.85,0,0
NIFTY,29APR21,14000,PE,2021-04-26,14:55:59,24.0,24.85,23.9,24.6,0,0
NIFTY,29APR21,14000,PE,2021-04-26,14:56:59,24.6,25.0,24.5,24.95,0,0
NIFTY,29APR21,14000,PE,2021-04-26,14:57:59,24.9,25.55,24.7,25.25,0,0
NIFTY,29APR21,14000,PE,2021-04-26,14:58:59,25.25,25.5,24.6,24.95,0,0
NIFTY,29APR21,14000,PE,2021-04-26,14:59:59,25.0,25.5,25.0,25.25,0,0
NIFTY,29APR21,14000,PE,2021-04-26,15:00:59,25.3,25.4,23.05,23.8,0,0
NIFTY,29APR21,14000,PE,2021-04-26,15:01:59,23.9,24.25,23.45,24.0,0,0
NIFTY,29APR21,14000,PE,2021-04-26,15:02:59,24.0,24.4,23.75,23.9,0,0
NIFTY,29APR21,14000,PE,2021-04-26,15:03:59,24.0,24.6,23.9,24.35,0,0
NIFTY,29APR21,14000,PE,2021-04-26,15:04:59,24.4,24.5,24.2,24.35,0,0
NIFTY,29APR21,14000,PE,2021-04-26,15:05:59,24.4,24.4,23.85,23.9,0,0
NIFTY,29APR21,14000,PE,2021-04-26,15:06:59,23.95,24.2,23.75,23.75,0,0
NIFTY,29APR21,14000,PE,2021-04-26,15:07:59,23.7,24.05,23.7,23.75,0,0
NIFTY,29APR21,14000,PE,2021-04-26,15:08:59,23.8,23.9,23.45,23.7,0,0
NIFTY,29APR21,14000,PE,2021-04-26,15:09:59,23.65,23.95,23.5,23.6,0,0
NIFTY,29APR21,14000,PE,2021-04-26,15:10:59,23.55,25.5,23.4,25.5,0,0
NIFTY,29APR21,14000,PE,2021-04-26,15:11:59,25.55,26.0,25.4,25.95,0,0
NIFTY,29APR21,14000,PE,2021-04-26,15:12:59,26.25,26.7,26.1,26.25,0,0
NIFTY,29APR21,14000,PE,2021-04-26,15:13:59,26.2,26.45,25.95,26.1,0,0
NIFTY,29APR21,14000,PE,2021-04-26,15:14:59,26.0,26.25,25.8,25.9,0,0
NIFTY,29APR21,14000,PE,2021-04-26,15:15:59,25.95,26.05,25.5,25.5,0,0
NIFTY,29APR21,14000,PE,2021-04-26,15:16:59,25.45,25.6,25.25,25.4,0,0
NIFTY,29APR21,14000,PE,2021-04-26,15:17:59,25.3,25.5,25.2,25.45,0,0
NIFTY,29APR21,14000,PE,2021-04-26,15:18:59,25.45,25.55,25.2,25.3,0,0
NIFTY,29APR21,14000,PE,2021-04-26,15:19:59,25.25,25.45,25.2,25.35,0,0
NIFTY,29APR21,14000,PE,2021-04-26,15:20:59,25.3,25.6,25.2,25.6,0,0
NIFTY,29APR21,14000,PE,2021-04-26,15:21:59,25.6,25.6,25.1,25.15,0,0
NIFTY,29APR21,14000,PE,2021-04-26,15:22:59,25.3,25.35,24.85,24.9,0,0
NIFTY,29APR21,14000,PE,2021-04-26,15:23:59,24.95,25.0,24.6,24.95,0,0
NIFTY,29APR21,14000,PE,2021-04-26,15:24:59,24.95,25.25,24.95,25.25,0,0
NIFTY,29APR21,14000,PE,2021-04-26,15:25:59,25.25,25.55,25.15,25.3,0,0
NIFTY,29APR21,14000,PE,2021-04-26,15:26:59,25.2,25.45,25.2,25.35,0,0
NIFTY,29APR21,14000,PE,2021-04-26,15:27:59,25.25,25.4,25.15,25.15,0,0
NIFTY,29APR21,14000,PE,2021-04-26,15:28:59,25.2,25.25,24.85,24.85,0,0
NIFTY,29APR21,14000,PE,2021-04-26,15:29:59,25.0,25.2,24.5,24.5,0,0
NIFTY,29APR21,14000,PE,2021-04-27,09:15:59,20.25,22.7,13.0,14.5,0,0
NIFTY,29APR21,14000,PE,2021-04-27,09:16:59,14.25,14.35,13.1,13.45,0,0
NIFTY,29APR21,14000,PE,2021-04-27,09:17:59,13.5,14.1,13.5,14.0,0,0
NIFTY,29APR21,14000,PE,2021-04-27,09:18:59,13.95,14.2,13.6,13.7,0,0
NIFTY,29APR21,14000,PE,2021-04-27,09:19:59,13.8,13.8,12.75,13.0,0,0
NIFTY,29APR21,14000,PE,2021-04-27,09:20:59,13.05,13.9,13.0,13.85,0,0
NIFTY,29APR21,14000,PE,2021-04-27,09:21:59,13.8,14.05,13.45,13.5,0,0
NIFTY,29APR21,14000,PE,2021-04-27,09:22:59,13.45,13.65,13.4,13.45,0,0
NIFTY,29APR21,14000,PE,2021-04-27,09:23:59,13.5,13.55,13.2,13.25,0,0
NIFTY,29APR21,14000,PE,2021-04-27,09:24:59,13.3,13.3,12.85,13.15,0,0
NIFTY,29APR21,14000,PE,2021-04-27,09:25:59,13.2,13.5,13.15,13.45,0,0
NIFTY,29APR21,14000,PE,2021-04-27,09:26:59,13.45,13.5,13.3,13.3,0,0
NIFTY,29APR21,14000,PE,2021-04-27,09:27:59,13.3,13.3,13.0,13.0,0,0
NIFTY,29APR21,14000,PE,2021-04-27,09:28:59,13.05,13.1,12.85,12.95,0,0
NIFTY,29APR21,14000,PE,2021-04-27,09:29:59,13.0,13.2,12.8,13.1,0,0
NIFTY,29APR21,14000,PE,2021-04-27,09:30:59,13.3,13.45,12.75,12.85,0,0
NIFTY,29APR21,14000,PE,2021-04-27,09:31:59,12.85,12.9,12.15,12.5,0,0
NIFTY,29APR21,14000,PE,2021-04-27,09:32:59,12.4,12.4,12.1,12.25,0,0
NIFTY,29APR21,14000,PE,2021-04-27,09:33:59,12.3,12.4,12.1,12.25,0,0
NIFTY,29APR21,14000,PE,2021-04-27,09:34:59,12.35,12.4,12.15,12.3,0,0
NIFTY,29APR21,14000,PE,2021-04-27,09:35:59,12.35,12.35,12.0,12.1,0,0
NIFTY,29APR21,14000,PE,2021-04-27,09:36:59,12.2,12.25,12.05,12.2,0,0
NIFTY,29APR21,14000,PE,2021-04-27,09:37:59,12.15,12.2,11.9,12.05,0,0
NIFTY,29APR21,14000,PE,2021-04-27,09:38:59,12.0,12.1,11.65,11.65,0,0
NIFTY,29APR21,14000,PE,2021-04-27,09:39:59,11.65,11.65,11.35,11.4,0,0
NIFTY,29APR21,14000,PE,2021-04-27,09:40:59,11.35,11.5,11.15,11.4,0,0
NIFTY,29APR21,14000,PE,2021-04-27,09:41:59,11.4,11.6,11.4,11.4,0,0
NIFTY,29APR21,14000,PE,2021-04-27,09:42:59,11.55,11.65,11.35,11.45,0,0
NIFTY,29APR21,14000,PE,2021-04-27,09:43:59,11.4,11.5,11.2,11.3,0,0
NIFTY,29APR21,14000,PE,2021-04-27,09:44:59,11.25,11.35,10.85,11.0,0,0
NIFTY,29APR21,14000,PE,2021-04-27,09:45:59,10.9,11.1,10.55,10.9,0,0
NIFTY,29APR21,14000,PE,2021-04-27,09:46:59,11.0,11.0,10.8,11.0,0,0
NIFTY,29APR21,14000,PE,2021-04-27,09:47:59,11.0,11.05,10.9,10.95,0,0
NIFTY,29APR21,14000,PE,2021-04-27,09:48:59,10.95,11.15,10.9,11.0,0,0
NIFTY,29APR21,14000,PE,2021-04-27,09:49:59,11.1,11.25,11.05,11.15,0,0
NIFTY,29APR21,14000,PE,2021-04-27,09:50:59,11.1,11.25,11.0,11.15,0,0
NIFTY,29APR21,14000,PE,2021-04-27,09:51:59,11.15,11.25,11.1,11.2,0,0
NIFTY,29APR21,14000,PE,2021-04-27,09:52:59,11.15,11.35,11.1,11.25,0,0
NIFTY,29APR21,14000,PE,2021-04-27,09:53:59,11.25,11.25,10.85,10.85,0,0
NIFTY,29APR21,14000,PE,2021-04-27,09:54:59,10.9,10.9,10.5,10.6,0,0
NIFTY,29APR21,14000,PE,2021-04-27,09:55:59,10.55,10.6,10.1,10.2,0,0
NIFTY,29APR21,14000,PE,2021-04-27,09:56:59,10.2,10.2,9.8,9.85,0,0
NIFTY,29APR21,14000,PE,2021-04-27,09:57:59,9.95,10.0,9.7,9.8,0,0
NIFTY,29APR21,14000,PE,2021-04-27,09:58:59,9.9,10.0,9.75,9.95,0,0
NIFTY,29APR21,14000,PE,2021-04-27,09:59:59,9.95,10.0,9.85,9.9,0,0
NIFTY,29APR21,14000,PE,2021-04-27,10:00:59,9.9,10.0,9.8,9.95,0,0
NIFTY,29APR21,14000,PE,2021-04-27,10:01:59,9.9,9.9,9.7,9.7,0,0
NIFTY,29APR21,14000,PE,2021-04-27,10:02:59,9.75,9.75,9.35,9.55,0,0
NIFTY,29APR21,14000,PE,2021-04-27,10:03:59,9.5,9.55,9.35,9.45,0,0
NIFTY,29APR21,14000,PE,2021-04-27,10:04:59,9.4,9.45,9.3,9.45,0,0
NIFTY,29APR21,14000,PE,2021-04-27,10:05:59,9.4,9.55,9.4,9.55,0,0
NIFTY,29APR21,14000,PE,2021-04-27,10:06:59,9.55,9.75,9.55,9.7,0,0
NIFTY,29APR21,14000,PE,2021-04-27,10:07:59,9.75,9.85,9.7,9.8,0,0
NIFTY,29APR21,14000,PE,2021-04-27,10:08:59,9.85,10.0,9.8,10.0,0,0
NIFTY,29APR21,14000,PE,2021-04-27,10:09:59,10.0,10.15,10.0,10.05,0,0
NIFTY,29APR21,14000,PE,2021-04-27,10:10:59,10.1,10.3,10.1,10.3,0,0
NIFTY,29APR21,14000,PE,2021-04-27,10:11:59,10.2,10.4,10.2,10.3,0,0
NIFTY,29APR21,14000,PE,2021-04-27,10:12:59,10.35,10.4,10.05,10.05,0,0
NIFTY,29APR21,14000,PE,2021-04-27,10:13:59,10.1,10.15,9.9,9.9,0,0
NIFTY,29APR21,14000,PE,2021-04-27,10:14:59,10.0,10.05,9.9,9.9,0,0
NIFTY,29APR21,14000,PE,2021-04-27,10:15:59,10.0,10.0,9.85,9.95,0,0
NIFTY,29APR21,14000,PE,2021-04-27,10:16:59,9.9,10.05,9.9,10.05,0,0
NIFTY,29APR21,14000,PE,2021-04-27,10:17:59,10.0,10.25,9.95,10.15,0,0
NIFTY,29APR21,14000,PE,2021-04-27,10:18:59,10.15,10.35,10.1,10.15,0,0
NIFTY,29APR21,14000,PE,2021-04-27,10:19:59,10.1,10.25,10.1,10.15,0,0
NIFTY,29APR21,14000,PE,2021-04-27,10:20:59,10.15,10.25,10.1,10.15,0,0
NIFTY,29APR21,14000,PE,2021-04-27,10:21:59,10.1,10.35,10.1,10.35,0,0
NIFTY,29APR21,14000,PE,2021-04-27,10:22:59,10.25,10.55,10.25,10.45,0,0
NIFTY,29APR21,14000,PE,2021-04-27,10:23:59,10.45,10.7,10.45,10.6,0,0
NIFTY,29APR21,14000,PE,2021-04-27,10:24:59,10.6,10.65,10.35,10.6,0,0
NIFTY,29APR21,14000,PE,2021-04-27,10:25:59,10.6,10.7,10.55,10.65,0,0
NIFTY,29APR21,14000,PE,2021-04-27,10:26:59,10.7,10.75,10.5,10.55,0,0
NIFTY,29APR21,14000,PE,2021-04-27,10:27:59,10.55,10.55,10.15,10.5,0,0
NIFTY,29APR21,14000,PE,2021-04-27,10:28:59,10.5,10.55,10.2,10.2,0,0
NIFTY,29APR21,14000,PE,2021-04-27,10:29:59,10.3,10.35,10.0,10.05,0,0
NIFTY,29APR21,14000,PE,2021-04-27,10:30:59,10.0,10.05,9.8,9.95,0,0
NIFTY,29APR21,14000,PE,2021-04-27,10:31:59,9.95,10.1,9.95,10.0,0,0
NIFTY,29APR21,14000,PE,2021-04-27,10:32:59,10.0,10.2,10.0,10.15,0,0
NIFTY,29APR21,14000,PE,2021-04-27,10:33:59,10.25,10.35,10.1,10.3,0,0
NIFTY,29APR21,14000,PE,2021-04-27,10:34:59,10.35,10.35,10.1,10.15,0,0
NIFTY,29APR21,14000,PE,2021-04-27,10:35:59,10.2,10.3,10.1,10.15,0,0
NIFTY,29APR21,14000,PE,2021-04-27,10:36:59,10.3,10.3,10.0,10.2,0,0
NIFTY,29APR21,14000,PE,2021-04-27,10:37:59,10.15,10.3,10.15,10.25,0,0
NIFTY,29APR21,14000,PE,2021-04-27,10:38:59,10.25,10.25,9.9,9.9,0,0
NIFTY,29APR21,14000,PE,2021-04-27,10:39:59,9.9,10.0,9.85,9.85,0,0
NIFTY,29APR21,14000,PE,2021-04-27,10:40:59,9.85,9.95,9.65,9.65,0,0
NIFTY,29APR21,14000,PE,2021-04-27,10:41:59,9.75,9.85,9.6,9.65,0,0
NIFTY,29APR21,14000,PE,2021-04-27,10:42:59,9.75,9.75,9.5,9.55,0,0
NIFTY,29APR21,14000,PE,2021-04-27,10:43:59,9.65,9.7,9.55,9.7,0,0
NIFTY,29APR21,14000,PE,2021-04-27,10:44:59,9.6,9.7,9.5,9.5,0,0
NIFTY,29APR21,14000,PE,2021-04-27,10:45:59,9.5,9.75,9.5,9.75,0,0
NIFTY,29APR21,14000,PE,2021-04-27,10:46:59,9.7,9.85,9.65,9.7,0,0
NIFTY,29APR21,14000,PE,2021-04-27,10:47:59,9.7,9.8,9.65,9.7,0,0
NIFTY,29APR21,14000,PE,2021-04-27,10:48:59,9.7,9.8,9.65,9.8,0,0
NIFTY,29APR21,14000,PE,2021-04-27,10:49:59,9.75,9.85,9.65,9.85,0,0
NIFTY,29APR21,14000,PE,2021-04-27,10:50:59,9.8,9.85,9.6,9.6,0,0
NIFTY,29APR21,14000,PE,2021-04-27,10:51:59,9.6,9.8,9.55,9.75,0,0
NIFTY,29APR21,14000,PE,2021-04-27,10:52:59,9.75,9.95,9.7,9.85,0,0
NIFTY,29APR21,14000,PE,2021-04-27,10:53:59,9.85,10.0,9.75,9.75,0,0
NIFTY,29APR21,14000,PE,2021-04-27,10:54:59,9.8,9.8,9.65,9.75,0,0
NIFTY,29APR21,14000,PE,2021-04-27,10:55:59,9.65,9.85,9.65,9.75,0,0
NIFTY,29APR21,14000,PE,2021-04-27,10:56:59,9.8,9.8,9.55,9.7,0,0
NIFTY,29APR21,14000,PE,2021-04-27,10:57:59,9.65,9.7,9.5,9.6,0,0
NIFTY,29APR21,14000,PE,2021-04-27,10:58:59,9.6,9.7,9.5,9.5,0,0
NIFTY,29APR21,14000,PE,2021-04-27,10:59:59,9.5,9.6,9.35,9.45,0,0
NIFTY,29APR21,14000,PE,2021-04-27,11:00:59,9.35,9.45,9.3,9.45,0,0
NIFTY,29APR21,14000,PE,2021-04-27,11:01:59,9.45,9.5,9.35,9.5,0,0
NIFTY,29APR21,14000,PE,2021-04-27,11:02:59,9.45,9.5,9.35,9.5,0,0
NIFTY,29APR21,14000,PE,2021-04-27,11:03:59,9.4,9.5,9.3,9.4,0,0
NIFTY,29APR21,14000,PE,2021-04-27,11:04:59,9.4,9.45,9.25,9.3,0,0
NIFTY,29APR21,14000,PE,2021-04-27,11:05:59,9.25,9.4,9.25,9.35,0,0
NIFTY,29APR21,14000,PE,2021-04-27,11:06:59,9.4,9.4,9.3,9.4,0,0
NIFTY,29APR21,14000,PE,2021-04-27,11:07:59,9.3,9.4,9.25,9.25,0,0
NIFTY,29APR21,14000,PE,2021-04-27,11:08:59,9.25,9.3,9.1,9.3,0,0
NIFTY,29APR21,14000,PE,2021-04-27,11:09:59,9.2,9.25,9.05,9.15,0,0
NIFTY,29APR21,14000,PE,2021-04-27,11:10:59,9.05,9.15,8.9,9.05,0,0
NIFTY,29APR21,14000,PE,2021-04-27,11:11:59,9.1,9.1,9.0,9.05,0,0
NIFTY,29APR21,14000,PE,2021-04-27,11:12:59,9.0,9.1,8.9,9.0,0,0
NIFTY,29APR21,14000,PE,2021-04-27,11:13:59,8.95,8.95,8.85,8.95,0,0
NIFTY,29APR21,14000,PE,2021-04-27,11:14:59,8.95,9.0,8.85,8.9,0,0
NIFTY,29APR21,14000,PE,2021-04-27,11:15:59,8.95,9.0,8.9,8.95,0,0
NIFTY,29APR21,14000,PE,2021-04-27,11:16:59,8.95,9.05,8.9,9.0,0,0
NIFTY,29APR21,14000,PE,2021-04-27,11:17:59,9.05,9.1,8.95,9.1,0,0
NIFTY,29APR21,14000,PE,2021-04-27,11:18:59,9.1,9.25,9.1,9.25,0,0
NIFTY,29APR21,14000,PE,2021-04-27,11:19:59,9.2,9.25,9.1,9.15,0,0
NIFTY,29APR21,14000,PE,2021-04-27,11:20:59,9.2,9.2,9.1,9.15,0,0
NIFTY,29APR21,14000,PE,2021-04-27,11:21:59,9.1,9.2,9.1,9.1,0,0
NIFTY,29APR21,14000,PE,2021-04-27,11:22:59,9.1,9.15,9.05,9.1,0,0
NIFTY,29APR21,14000,PE,2021-04-27,11:23:59,9.1,9.2,9.05,9.15,0,0
NIFTY,29APR21,14000,PE,2021-04-27,11:24:59,9.15,9.2,9.05,9.1,0,0
NIFTY,29APR21,14000,PE,2021-04-27,11:25:59,9.1,9.2,9.1,9.1,0,0
NIFTY,29APR21,14000,PE,2021-04-27,11:26:59,9.1,9.2,9.05,9.15,0,0
NIFTY,29APR21,14000,PE,2021-04-27,11:27:59,9.15,9.2,9.0,9.1,0,0
NIFTY,29APR21,14000,PE,2021-04-27,11:28:59,9.0,9.1,9.0,9.05,0,0
NIFTY,29APR21,14000,PE,2021-04-27,11:29:59,9.1,9.1,8.95,9.0,0,0
NIFTY,29APR21,14000,PE,2021-04-27,11:30:59,9.05,9.05,8.85,9.0,0,0
NIFTY,29APR21,14000,PE,2021-04-27,11:31:59,9.0,9.0,8.85,8.9,0,0
NIFTY,29APR21,14000,PE,2021-04-27,11:32:59,8.95,9.05,8.85,9.05,0,0
NIFTY,29APR21,14000,PE,2021-04-27,11:33:59,9.0,9.0,8.85,8.85,0,0
NIFTY,29APR21,14000,PE,2021-04-27,11:34:59,8.9,8.9,8.8,8.9,0,0
NIFTY,29APR21,14000,PE,2021-04-27,11:35:59,8.9,8.95,8.8,8.9,0,0
NIFTY,29APR21,14000,PE,2021-04-27,11:36:59,8.9,8.95,8.85,8.95,0,0
NIFTY,29APR21,14000,PE,2021-04-27,11:37:59,8.9,9.0,8.9,9.0,0,0
NIFTY,29APR21,14000,PE,2021-04-27,11:38:59,9.0,9.1,8.95,9.0,0,0
NIFTY,29APR21,14000,PE,2021-04-27,11:39:59,9.0,9.0,8.9,8.9,0,0
NIFTY,29APR21,14000,PE,2021-04-27,11:40:59,8.9,8.95,8.85,8.85,0,0
NIFTY,29APR21,14000,PE,2021-04-27,11:41:59,8.85,8.95,8.8,8.95,0,0
NIFTY,29APR21,14000,PE,2021-04-27,11:42:59,8.95,8.95,8.8,8.9,0,0
NIFTY,29APR21,14000,PE,2021-04-27,11:43:59,8.85,8.9,8.75,8.85,0,0
NIFTY,29APR21,14000,PE,2021-04-27,11:44:59,8.8,8.9,8.8,8.85,0,0
NIFTY,29APR21,14000,PE,2021-04-27,11:45:59,8.9,8.9,8.75,8.85,0,0
NIFTY,29APR21,14000,PE,2021-04-27,11:46:59,8.9,8.9,8.8,8.8,0,0
NIFTY,29APR21,14000,PE,2021-04-27,11:47:59,8.8,8.9,8.75,8.85,0,0
NIFTY,29APR21,14000,PE,2021-04-27,11:48:59,8.8,8.85,8.7,8.7,0,0
NIFTY,29APR21,14000,PE,2021-04-27,11:49:59,8.75,8.8,8.7,8.7,0,0
NIFTY,29APR21,14000,PE,2021-04-27,11:50:59,8.7,8.75,8.5,8.65,0,0
NIFTY,29APR21,14000,PE,2021-04-27,11:51:59,8.7,8.7,8.4,8.45,0,0
NIFTY,29APR21,14000,PE,2021-04-27,11:52:59,8.45,8.7,8.45,8.55,0,0
NIFTY,29APR21,14000,PE,2021-04-27,11:53:59,8.55,8.65,8.55,8.6,0,0
NIFTY,29APR21,14000,PE,2021-04-27,11:54:59,8.55,8.65,8.5,8.5,0,0
NIFTY,29APR21,14000,PE,2021-04-27,11:55:59,8.5,8.6,8.4,8.6,0,0
NIFTY,29APR21,14000,PE,2021-04-27,11:56:59,8.5,8.6,8.45,8.45,0,0
NIFTY,29APR21,14000,PE,2021-04-27,11:57:59,8.45,8.55,8.3,8.45,0,0
NIFTY,29APR21,14000,PE,2021-04-27,11:58:59,8.45,8.5,8.3,8.4,0,0
NIFTY,29APR21,14000,PE,2021-04-27,11:59:59,8.45,8.55,8.4,8.4,0,0
NIFTY,29APR21,14000,PE,2021-04-27,12:00:59,8.45,8.5,8.2,8.4,0,0
NIFTY,29APR21,14000,PE,2021-04-27,12:01:59,8.35,8.5,8.3,8.4,0,0
NIFTY,29APR21,14000,PE,2021-04-27,12:02:59,8.4,8.45,8.3,8.3,0,0
NIFTY,29APR21,14000,PE,2021-04-27,12:03:59,8.4,8.4,8.25,8.3,0,0
NIFTY,29APR21,14000,PE,2021-04-27,12:04:59,8.3,8.4,8.25,8.3,0,0
NIFTY,29APR21,14000,PE,2021-04-27,12:05:59,8.35,8.4,8.25,8.3,0,0
NIFTY,29APR21,14000,PE,2021-04-27,12:06:59,8.35,8.4,8.15,8.25,0,0
NIFTY,29APR21,14000,PE,2021-04-27,12:07:59,8.2,8.3,8.15,8.3,0,0
NIFTY,29APR21,14000,PE,2021-04-27,12:08:59,8.3,8.3,8.0,8.05,0,0
NIFTY,29APR21,14000,PE,2021-04-27,12:09:59,8.15,8.2,8.05,8.15,0,0
NIFTY,29APR21,14000,PE,2021-04-27,12:10:59,8.1,8.2,8.05,8.1,0,0
NIFTY,29APR21,14000,PE,2021-04-27,12:11:59,8.15,8.4,8.15,8.4,0,0
NIFTY,29APR21,14000,PE,2021-04-27,12:12:59,8.3,8.3,8.1,8.2,0,0
NIFTY,29APR21,14000,PE,2021-04-27,12:13:59,8.15,8.25,8.05,8.2,0,0
NIFTY,29APR21,14000,PE,2021-04-27,12:14:59,8.15,8.2,8.05,8.2,0,0
NIFTY,29APR21,14000,PE,2021-04-27,12:15:59,8.15,8.25,8.05,8.15,0,0
NIFTY,29APR21,14000,PE,2021-04-27,12:16:59,8.15,8.2,8.05,8.2,0,0
NIFTY,29APR21,14000,PE,2021-04-27,12:17:59,8.2,8.3,8.05,8.3,0,0
NIFTY,29APR21,14000,PE,2021-04-27,12:18:59,8.2,8.35,8.2,8.3,0,0
NIFTY,29APR21,14000,PE,2021-04-27,12:19:59,8.3,8.4,8.25,8.35,0,0
NIFTY,29APR21,14000,PE,2021-04-27,12:20:59,8.3,8.4,8.3,8.4,0,0
NIFTY,29APR21,14000,PE,2021-04-27,12:21:59,8.4,8.5,8.3,8.4,0,0
NIFTY,29APR21,14000,PE,2021-04-27,12:22:59,8.45,8.5,8.4,8.5,0,0
NIFTY,29APR21,14000,PE,2021-04-27,12:23:59,8.5,8.5,8.35,8.4,0,0
NIFTY,29APR21,14000,PE,2021-04-27,12:24:59,8.4,8.5,8.3,8.4,0,0
NIFTY,29APR21,14000,PE,2021-04-27,12:25:59,8.5,8.5,8.35,8.45,0,0
NIFTY,29APR21,14000,PE,2021-04-27,12:26:59,8.45,8.5,8.4,8.5,0,0
NIFTY,29APR21,14000,PE,2021-04-27,12:27:59,8.5,8.55,8.45,8.45,0,0
NIFTY,29APR21,14000,PE,2021-04-27,12:28:59,8.45,8.55,8.4,8.45,0,0
NIFTY,29APR21,14000,PE,2021-04-27,12:29:59,8.45,8.55,8.4,8.4,0,0
NIFTY,29APR21,14000,PE,2021-04-27,12:30:59,8.5,8.5,8.4,8.45,0,0
NIFTY,29APR21,14000,PE,2021-04-27,12:31:59,8.45,8.55,8.4,8.5,0,0
NIFTY,29APR21,14000,PE,2021-04-27,12:32:59,8.5,8.6,8.4,8.45,0,0
NIFTY,29APR21,14000,PE,2021-04-27,12:33:59,8.5,8.55,8.4,8.5,0,0
NIFTY,29APR21,14000,PE,2021-04-27,12:34:59,8.45,8.6,8.45,8.5,0,0
NIFTY,29APR21,14000,PE,2021-04-27,12:35:59,8.55,8.65,8.55,8.65,0,0
NIFTY,29APR21,14000,PE,2021-04-27,12:36:59,8.6,8.7,8.5,8.7,0,0
NIFTY,29APR21,14000,PE,2021-04-27,12:37:59,8.7,8.7,8.45,8.5,0,0
NIFTY,29APR21,14000,PE,2021-04-27,12:38:59,8.5,8.65,8.45,8.55,0,0
NIFTY,29APR21,14000,PE,2021-04-27,12:39:59,8.45,8.75,8.45,8.65,0,0
NIFTY,29APR21,14000,PE,2021-04-27,12:40:59,8.65,8.8,8.6,8.65,0,0
NIFTY,29APR21,14000,PE,2021-04-27,12:41:59,8.65,8.7,8.6,8.65,0,0
NIFTY,29APR21,14000,PE,2021-04-27,12:42:59,8.65,8.75,8.6,8.65,0,0
NIFTY,29APR21,14000,PE,2021-04-27,12:43:59,8.65,8.75,8.65,8.7,0,0
NIFTY,29APR21,14000,PE,2021-04-27,12:44:59,8.75,8.8,8.6,8.6,0,0
NIFTY,29APR21,14000,PE,2021-04-27,12:45:59,8.6,8.7,8.55,8.6,0,0
NIFTY,29APR21,14000,PE,2021-04-27,12:46:59,8.55,8.65,8.5,8.55,0,0
NIFTY,29APR21,14000,PE,2021-04-27,12:47:59,8.6,8.65,8.5,8.5,0,0
NIFTY,29APR21,14000,PE,2021-04-27,12:48:59,8.6,8.65,8.55,8.55,0,0
NIFTY,29APR21,14000,PE,2021-04-27,12:49:59,8.65,8.7,8.55,8.6,0,0
NIFTY,29APR21,14000,PE,2021-04-27,12:50:59,8.6,8.7,8.55,8.55,0,0
NIFTY,29APR21,14000,PE,2021-04-27,12:51:59,8.55,8.7,8.55,8.7,0,0
NIFTY,29APR21,14000,PE,2021-04-27,12:52:59,8.7,8.7,8.6,8.65,0,0
NIFTY,29APR21,14000,PE,2021-04-27,12:53:59,8.65,8.7,8.6,8.6,0,0
NIFTY,29APR21,14000,PE,2021-04-27,12:54:59,8.6,8.75,8.6,8.65,0,0
NIFTY,29APR21,14000,PE,2021-04-27,12:55:59,8.6,8.8,8.55,8.75,0,0
NIFTY,29APR21,14000,PE,2021-04-27,12:56:59,8.75,9.0,8.7,8.9,0,0
NIFTY,29APR21,14000,PE,2021-04-27,12:57:59,9.0,9.0,8.8,8.9,0,0
NIFTY,29APR21,14000,PE,2021-04-27,12:58:59,9.05,9.15,8.95,9.05,0,0
NIFTY,29APR21,14000,PE,2021-04-27,12:59:59,9.1,9.1,9.0,9.05,0,0
NIFTY,29APR21,14000,PE,2021-04-27,13:00:59,9.1,9.15,8.9,8.9,0,0
NIFTY,29APR21,14000,PE,2021-04-27,13:01:59,8.9,8.95,8.85,8.85,0,0
NIFTY,29APR21,14000,PE,2021-04-27,13:02:59,8.9,8.95,8.85,8.9,0,0
NIFTY,29APR21,14000,PE,2021-04-27,13:03:59,8.9,8.95,8.7,8.75,0,0
NIFTY,29APR21,14000,PE,2021-04-27,13:04:59,8.75,8.8,8.5,8.5,0,0
NIFTY,29APR21,14000,PE,2021-04-27,13:05:59,8.5,8.7,8.5,8.5,0,0
NIFTY,29APR21,14000,PE,2021-04-27,13:06:59,8.5,8.6,8.4,8.4,0,0
NIFTY,29APR21,14000,PE,2021-04-27,13:07:59,8.4,8.55,8.3,8.5,0,0
NIFTY,29APR21,14000,PE,2021-04-27,13:08:59,8.5,8.65,8.5,8.55,0,0
NIFTY,29APR21,14000,PE,2021-04-27,13:09:59,8.65,8.7,8.6,8.65,0,0
NIFTY,29APR21,14000,PE,2021-04-27,13:10:59,8.65,8.85,8.65,8.75,0,0
NIFTY,29APR21,14000,PE,2021-04-27,13:11:59,8.85,8.85,8.6,8.6,0,0
NIFTY,29APR21,14000,PE,2021-04-27,13:12:59,8.65,8.7,8.6,8.65,0,0
NIFTY,29APR21,14000,PE,2021-04-27,13:13:59,8.65,8.7,8.55,8.65,0,0
NIFTY,29APR21,14000,PE,2021-04-27,13:14:59,8.7,8.7,8.55,8.7,0,0
NIFTY,29APR21,14000,PE,2021-04-27,13:15:59,8.7,8.85,8.7,8.75,0,0
NIFTY,29APR21,14000,PE,2021-04-27,13:16:59,8.8,8.8,8.6,8.6,0,0
NIFTY,29APR21,14000,PE,2021-04-27,13:17:59,8.55,8.7,8.55,8.6,0,0
NIFTY,29APR21,14000,PE,2021-04-27,13:18:59,8.7,8.8,8.65,8.7,0,0
NIFTY,29APR21,14000,PE,2021-04-27,13:19:59,8.75,8.75,8.5,8.5,0,0
NIFTY,29APR21,14000,PE,2021-04-27,13:20:59,8.5,8.65,8.45,8.55,0,0
NIFTY,29APR21,14000,PE,2021-04-27,13:21:59,8.55,8.55,8.4,8.5,0,0
NIFTY,29APR21,14000,PE,2021-04-27,13:22:59,8.5,8.55,8.4,8.55,0,0
NIFTY,29APR21,14000,PE,2021-04-27,13:23:59,8.55,8.55,8.45,8.55,0,0
NIFTY,29APR21,14000,PE,2021-04-27,13:24:59,8.5,8.55,8.4,8.55,0,0
NIFTY,29APR21,14000,PE,2021-04-27,13:25:59,8.5,8.55,8.45,8.5,0,0
NIFTY,29APR21,14000,PE,2021-04-27,13:26:59,8.5,8.5,8.4,8.5,0,0
NIFTY,29APR21,14000,PE,2021-04-27,13:27:59,8.45,8.5,8.4,8.45,0,0
NIFTY,29APR21,14000,PE,2021-04-27,13:28:59,8.4,8.55,8.4,8.45,0,0
NIFTY,29APR21,14000,PE,2021-04-27,13:29:59,8.55,8.6,8.5,8.6,0,0
NIFTY,29APR21,14000,PE,2021-04-27,13:30:59,8.55,8.6,8.45,8.55,0,0
NIFTY,29APR21,14000,PE,2021-04-27,13:31:59,8.5,8.55,8.25,8.25,0,0
NIFTY,29APR21,14000,PE,2021-04-27,13:32:59,8.35,8.4,8.25,8.25,0,0
NIFTY,29APR21,14000,PE,2021-04-27,13:33:59,8.15,8.4,8.15,8.4,0,0
NIFTY,29APR21,14000,PE,2021-04-27,13:34:59,8.45,8.45,8.3,8.3,0,0
NIFTY,29APR21,14000,PE,2021-04-27,13:35:59,8.3,8.4,8.25,8.25,0,0
NIFTY,29APR21,14000,PE,2021-04-27,13:36:59,8.25,8.25,8.1,8.2,0,0
NIFTY,29APR21,14000,PE,2021-04-27,13:37:59,8.2,8.2,8.05,8.05,0,0
NIFTY,29APR21,14000,PE,2021-04-27,13:38:59,8.1,8.3,8.1,8.2,0,0
NIFTY,29APR21,14000,PE,2021-04-27,13:39:59,8.2,8.25,8.15,8.25,0,0
NIFTY,29APR21,14000,PE,2021-04-27,13:40:59,8.25,8.25,8.1,8.15,0,0
NIFTY,29APR21,14000,PE,2021-04-27,13:41:59,8.15,8.25,8.1,8.1,0,0
NIFTY,29APR21,14000,PE,2021-04-27,13:42:59,8.1,8.15,8.05,8.05,0,0
NIFTY,29APR21,14000,PE,2021-04-27,13:43:59,8.1,8.1,7.95,7.95,0,0
NIFTY,29APR21,14000,PE,2021-04-27,13:44:59,7.95,8.05,7.95,7.95,0,0
NIFTY,29APR21,14000,PE,2021-04-27,13:45:59,7.95,7.95,7.05,7.25,0,0
NIFTY,29APR21,14000,PE,2021-04-27,13:46:59,7.25,7.3,6.9,7.15,0,0
NIFTY,29APR21,14000,PE,2021-04-27,13:47:59,7.15,7.3,7.1,7.1,0,0
NIFTY,29APR21,14000,PE,2021-04-27,13:48:59,7.1,7.2,7.1,7.15,0,0
NIFTY,29APR21,14000,PE,2021-04-27,13:49:59,7.15,7.2,7.05,7.2,0,0
NIFTY,29APR21,14000,PE,2021-04-27,13:50:59,7.15,7.2,7.05,7.15,0,0
NIFTY,29APR21,14000,PE,2021-04-27,13:51:59,7.1,7.2,7.1,7.2,0,0
NIFTY,29APR21,14000,PE,2021-04-27,13:52:59,7.15,7.15,7.1,7.15,0,0
NIFTY,29APR21,14000,PE,2021-04-27,13:53:59,7.2,7.2,7.05,7.05,0,0
NIFTY,29APR21,14000,PE,2021-04-27,13:54:59,7.05,7.1,7.0,7.0,0,0
NIFTY,29APR21,14000,PE,2021-04-27,13:55:59,7.0,7.1,7.0,7.0,0,0
NIFTY,29APR21,14000,PE,2021-04-27,13:56:59,7.05,7.1,7.0,7.0,0,0
NIFTY,29APR21,14000,PE,2021-04-27,13:57:59,7.0,7.1,7.0,7.05,0,0
NIFTY,29APR21,14000,PE,2021-04-27,13:58:59,7.0,7.05,6.95,7.05,0,0
NIFTY,29APR21,14000,PE,2021-04-27,13:59:59,7.0,7.05,6.85,6.95,0,0
NIFTY,29APR21,14000,PE,2021-04-27,14:00:59,6.9,7.0,6.85,6.85,0,0
NIFTY,29APR21,14000,PE,2021-04-27,14:01:59,6.8,6.8,6.55,6.65,0,0
NIFTY,29APR21,14000,PE,2021-04-27,14:02:59,6.65,6.7,6.5,6.65,0,0
NIFTY,29APR21,14000,PE,2021-04-27,14:03:59,6.6,6.6,6.5,6.6,0,0
NIFTY,29APR21,14000,PE,2021-04-27,14:04:59,6.5,6.6,6.5,6.6,0,0
NIFTY,29APR21,14000,PE,2021-04-27,14:05:59,6.55,6.6,6.45,6.55,0,0
NIFTY,29APR21,14000,PE,2021-04-27,14:06:59,6.55,6.55,6.45,6.45,0,0
NIFTY,29APR21,14000,PE,2021-04-27,14:07:59,6.45,6.5,6.4,6.5,0,0
NIFTY,29APR21,14000,PE,2021-04-27,14:08:59,6.45,6.5,6.35,6.4,0,0
NIFTY,29APR21,14000,PE,2021-04-27,14:09:59,6.35,6.4,6.25,6.3,0,0
NIFTY,29APR21,14000,PE,2021-04-27,14:10:59,6.3,6.3,6.15,6.2,0,0
NIFTY,29APR21,14000,PE,2021-04-27,14:11:59,6.15,6.2,6.1,6.15,0,0
NIFTY,29APR21,14000,PE,2021-04-27,14:12:59,6.1,6.15,6.05,6.1,0,0
NIFTY,29APR21,14000,PE,2021-04-27,14:13:59,6.15,6.15,6.0,6.05,0,0
NIFTY,29APR21,14000,PE,2021-04-27,14:14:59,6.1,6.1,6.0,6.0,0,0
NIFTY,29APR21,14000,PE,2021-04-27,14:15:59,6.0,6.1,5.95,6.05,0,0
NIFTY,29APR21,14000,PE,2021-04-27,14:16:59,6.1,6.1,6.0,6.05,0,0
NIFTY,29APR21,14000,PE,2021-04-27,14:17:59,6.05,6.1,6.0,6.1,0,0
NIFTY,29APR21,14000,PE,2021-04-27,14:18:59,6.1,6.15,6.05,6.1,0,0
NIFTY,29APR21,14000,PE,2021-04-27,14:19:59,6.15,6.15,6.0,6.0,0,0
NIFTY,29APR21,14000,PE,2021-04-27,14:20:59,6.0,6.1,5.95,5.95,0,0
NIFTY,29APR21,14000,PE,2021-04-27,14:21:59,5.95,6.05,5.9,5.95,0,0
NIFTY,29APR21,14000,PE,2021-04-27,14:22:59,5.95,6.1,5.95,6.05,0,0
NIFTY,29APR21,14000,PE,2021-04-27,14:23:59,6.05,6.1,6.05,6.05,0,0
NIFTY,29APR21,14000,PE,2021-04-27,14:24:59,6.05,6.1,6.0,6.05,0,0
NIFTY,29APR21,14000,PE,2021-04-27,14:25:59,6.05,6.1,6.05,6.05,0,0
NIFTY,29APR21,14000,PE,2021-04-27,14:26:59,6.05,6.1,6.0,6.0,0,0
NIFTY,29APR21,14000,PE,2021-04-27,14:27:59,6.05,6.1,6.0,6.0,0,0
NIFTY,29APR21,14000,PE,2021-04-27,14:28:59,6.05,6.2,6.0,6.1,0,0
NIFTY,29APR21,14000,PE,2021-04-27,14:29:59,6.1,6.15,6.05,6.05,0,0
NIFTY,29APR21,14000,PE,2021-04-27,14:30:59,6.0,6.05,5.95,6.0,0,0
NIFTY,29APR21,14000,PE,2021-04-27,14:31:59,6.0,6.0,5.9,5.95,0,0
NIFTY,29APR21,14000,PE,2021-04-27,14:32:59,5.9,5.95,5.85,5.9,0,0
NIFTY,29APR21,14000,PE,2021-04-27,14:33:59,5.95,5.95,5.65,5.75,0,0
NIFTY,29APR21,14000,PE,2021-04-27,14:34:59,5.7,5.7,5.55,5.55,0,0
NIFTY,29APR21,14000,PE,2021-04-27,14:35:59,5.6,5.6,5.5,5.55,0,0
NIFTY,29APR21,14000,PE,2021-04-27,14:36:59,5.55,5.6,5.5,5.55,0,0
NIFTY,29APR21,14000,PE,2021-04-27,14:37:59,5.55,5.6,5.5,5.5,0,0
NIFTY,29APR21,14000,PE,2021-04-27,14:38:59,5.5,5.6,5.45,5.5,0,0
NIFTY,29APR21,14000,PE,2021-04-27,14:39:59,5.5,5.6,5.5,5.6,0,0
NIFTY,29APR21,14000,PE,2021-04-27,14:40:59,5.6,5.65,5.55,5.6,0,0
NIFTY,29APR21,14000,PE,2021-04-27,14:41:59,5.6,5.6,5.5,5.55,0,0
NIFTY,29APR21,14000,PE,2021-04-27,14:42:59,5.5,5.55,5.35,5.35,0,0
NIFTY,29APR21,14000,PE,2021-04-27,14:43:59,5.4,5.5,5.35,5.45,0,0
NIFTY,29APR21,14000,PE,2021-04-27,14:44:59,5.5,5.6,5.45,5.5,0,0
NIFTY,29APR21,14000,PE,2021-04-27,14:45:59,5.5,5.55,5.45,5.5,0,0
NIFTY,29APR21,14000,PE,2021-04-27,14:46:59,5.5,5.55,5.45,5.5,0,0
NIFTY,29APR21,14000,PE,2021-04-27,14:47:59,5.5,5.6,5.5,5.6,0,0
NIFTY,29APR21,14000,PE,2021-04-27,14:48:59,5.65,5.8,5.65,5.75,0,0
NIFTY,29APR21,14000,PE,2021-04-27,14:49:59,5.8,5.85,5.75,5.8,0,0
NIFTY,29APR21,14000,PE,2021-04-27,14:50:59,5.85,5.85,5.75,5.8,0,0
NIFTY,29APR21,14000,PE,2021-04-27,14:51:59,5.8,5.85,5.75,5.8,0,0
NIFTY,29APR21,14000,PE,2021-04-27,14:52:59,5.85,6.0,5.8,5.95,0,0
NIFTY,29APR21,14000,PE,2021-04-27,14:53:59,6.0,6.05,5.95,6.0,0,0
NIFTY,29APR21,14000,PE,2021-04-27,14:54:59,6.1,6.1,5.95,5.95,0,0
NIFTY,29APR21,14000,PE,2021-04-27,14:55:59,6.0,6.05,5.95,5.95,0,0
NIFTY,29APR21,14000,PE,2021-04-27,14:56:59,5.95,6.0,5.85,5.85,0,0
NIFTY,29APR21,14000,PE,2021-04-27,14:57:59,5.85,6.0,5.8,5.95,0,0
NIFTY,29APR21,14000,PE,2021-04-27,14:58:59,6.0,6.25,6.0,6.25,0,0
NIFTY,29APR21,14000,PE,2021-04-27,14:59:59,6.2,6.3,6.15,6.25,0,0
NIFTY,29APR21,14000,PE,2021-04-27,15:00:59,6.4,6.55,6.35,6.55,0,0
NIFTY,29APR21,14000,PE,2021-04-27,15:01:59,6.6,6.75,6.55,6.7,0,0
NIFTY,29APR21,14000,PE,2021-04-27,15:02:59,6.7,6.7,6.45,6.45,0,0
NIFTY,29APR21,14000,PE,2021-04-27,15:03:59,6.5,6.5,6.35,6.45,0,0
NIFTY,29APR21,14000,PE,2021-04-27,15:04:59,6.45,6.45,6.3,6.35,0,0
NIFTY,29APR21,14000,PE,2021-04-27,15:05:59,6.35,6.35,6.15,6.25,0,0
NIFTY,29APR21,14000,PE,2021-04-27,15:06:59,6.3,6.3,6.15,6.15,0,0
NIFTY,29APR21,14000,PE,2021-04-27,15:07:59,6.15,6.2,6.1,6.2,0,0
NIFTY,29APR21,14000,PE,2021-04-27,15:08:59,6.2,6.2,6.1,6.2,0,0
NIFTY,29APR21,14000,PE,2021-04-27,15:09:59,6.2,6.25,6.15,6.15,0,0
NIFTY,29APR21,14000,PE,2021-04-27,15:10:59,6.2,6.2,6.15,6.15,0,0
NIFTY,29APR21,14000,PE,2021-04-27,15:11:59,6.2,6.3,6.15,6.3,0,0
NIFTY,29APR21,14000,PE,2021-04-27,15:12:59,6.3,6.35,6.25,6.3,0,0
NIFTY,29APR21,14000,PE,2021-04-27,15:13:59,6.3,6.4,6.25,6.4,0,0
NIFTY,29APR21,14000,PE,2021-04-27,15:14:59,6.4,6.5,6.3,6.45,0,0
NIFTY,29APR21,14000,PE,2021-04-27,15:15:59,6.45,6.6,6.45,6.6,0,0
NIFTY,29APR21,14000,PE,2021-04-27,15:16:59,6.6,6.65,6.5,6.5,0,0
NIFTY,29APR21,14000,PE,2021-04-27,15:17:59,6.5,6.65,6.45,6.6,0,0
NIFTY,29APR21,14000,PE,2021-04-27,15:18:59,6.65,6.7,6.55,6.55,0,0
NIFTY,29APR21,14000,PE,2021-04-27,15:19:59,6.55,6.75,6.55,6.65,0,0
NIFTY,29APR21,14000,PE,2021-04-27,15:20:59,6.7,6.9,6.7,6.9,0,0
NIFTY,29APR21,14000,PE,2021-04-27,15:21:59,6.85,6.9,6.7,6.75,0,0
NIFTY,29APR21,14000,PE,2021-04-27,15:22:59,6.75,6.8,6.35,6.35,0,0
NIFTY,29APR21,14000,PE,2021-04-27,15:23:59,6.4,6.5,6.3,6.4,0,0
NIFTY,29APR21,14000,PE,2021-04-27,15:24:59,6.4,6.45,6.3,6.35,0,0
NIFTY,29APR21,14000,PE,2021-04-27,15:25:59,6.4,6.4,6.05,6.1,0,0
NIFTY,29APR21,14000,PE,2021-04-27,15:26:59,6.1,6.1,6.0,6.1,0,0
NIFTY,29APR21,14000,PE,2021-04-27,15:27:59,6.1,6.2,6.1,6.15,0,0
NIFTY,29APR21,14000,PE,2021-04-27,15:28:59,6.2,6.2,6.05,6.1,0,0
NIFTY,29APR21,14000,PE,2021-04-27,15:29:59,6.15,6.35,6.05,6.25,0,0
NIFTY,29APR21,14000,PE,2021-04-28,09:15:59,4.95,4.95,3.25,3.3,0,0
NIFTY,29APR21,14000,PE,2021-04-28,09:16:59,3.2,3.3,3.0,3.0,0,0
NIFTY,29APR21,14000,PE,2021-04-28,09:17:59,3.0,3.3,3.0,3.3,0,0
NIFTY,29APR21,14000,PE,2021-04-28,09:18:59,3.3,3.35,3.25,3.3,0,0
NIFTY,29APR21,14000,PE,2021-04-28,09:19:59,3.3,3.3,3.2,3.25,0,0
NIFTY,29APR21,14000,PE,2021-04-28,09:20:59,3.2,3.25,3.15,3.2,0,0
NIFTY,29APR21,14000,PE,2021-04-28,09:21:59,3.15,3.2,3.1,3.1,0,0
NIFTY,29APR21,14000,PE,2021-04-28,09:22:59,3.1,3.15,3.1,3.1,0,0
NIFTY,29APR21,14000,PE,2021-04-28,09:23:59,3.1,3.15,3.05,3.15,0,0
NIFTY,29APR21,14000,PE,2021-04-28,09:24:59,3.15,3.15,3.05,3.1,0,0
NIFTY,29APR21,14000,PE,2021-04-28,09:25:59,3.15,3.2,3.1,3.15,0,0
NIFTY,29APR21,14000,PE,2021-04-28,09:26:59,3.15,3.25,3.15,3.2,0,0
NIFTY,29APR21,14000,PE,2021-04-28,09:27:59,3.25,3.3,3.2,3.25,0,0
NIFTY,29APR21,14000,PE,2021-04-28,09:28:59,3.3,3.3,3.2,3.2,0,0
NIFTY,29APR21,14000,PE,2021-04-28,09:29:59,3.2,3.25,3.15,3.2,0,0
NIFTY,29APR21,14000,PE,2021-04-28,09:30:59,3.15,3.2,3.15,3.2,0,0
NIFTY,29APR21,14000,PE,2021-04-28,09:31:59,3.15,3.25,3.15,3.2,0,0
NIFTY,29APR21,14000,PE,2021-04-28,09:32:59,3.25,3.3,3.2,3.25,0,0
NIFTY,29APR21,14000,PE,2021-04-28,09:33:59,3.3,3.3,3.25,3.25,0,0
NIFTY,29APR21,14000,PE,2021-04-28,09:34:59,3.3,3.35,3.25,3.3,0,0
NIFTY,29APR21,14000,PE,2021-04-28,09:35:59,3.3,3.3,3.25,3.3,0,0
NIFTY,29APR21,14000,PE,2021-04-28,09:36:59,3.25,3.35,3.25,3.35,0,0
NIFTY,29APR21,14000,PE,2021-04-28,09:37:59,3.35,3.4,3.3,3.35,0,0
NIFTY,29APR21,14000,PE,2021-04-28,09:38:59,3.35,3.4,3.3,3.35,0,0
NIFTY,29APR21,14000,PE,2021-04-28,09:39:59,3.4,3.4,3.35,3.4,0,0
NIFTY,29APR21,14000,PE,2021-04-28,09:40:59,3.4,3.4,3.35,3.4,0,0
NIFTY,29APR21,14000,PE,2021-04-28,09:41:59,3.35,3.45,3.35,3.4,0,0
NIFTY,29APR21,14000,PE,2021-04-28,09:42:59,3.35,3.4,3.3,3.3,0,0
NIFTY,29APR21,14000,PE,2021-04-28,09:43:59,3.3,3.35,3.3,3.35,0,0
NIFTY,29APR21,14000,PE,2021-04-28,09:44:59,3.35,3.4,3.3,3.35,0,0
NIFTY,29APR21,14000,PE,2021-04-28,09:45:59,3.4,3.4,3.3,3.3,0,0
NIFTY,29APR21,14000,PE,2021-04-28,09:46:59,3.3,3.3,3.2,3.25,0,0
NIFTY,29APR21,14000,PE,2021-04-28,09:47:59,3.3,3.3,3.2,3.2,0,0
NIFTY,29APR21,14000,PE,2021-04-28,09:48:59,3.25,3.25,3.15,3.2,0,0
NIFTY,29APR21,14000,PE,2021-04-28,09:49:59,3.2,3.3,3.2,3.3,0,0
NIFTY,29APR21,14000,PE,2021-04-28,09:50:59,3.25,3.3,3.2,3.25,0,0
NIFTY,29APR21,14000,PE,2021-04-28,09:51:59,3.3,3.3,3.25,3.3,0,0
NIFTY,29APR21,14000,PE,2021-04-28,09:52:59,3.3,3.3,3.25,3.25,0,0
NIFTY,29APR21,14000,PE,2021-04-28,09:53:59,3.3,3.3,3.25,3.25,0,0
NIFTY,29APR21,14000,PE,2021-04-28,09:54:59,3.25,3.3,3.25,3.25,0,0
NIFTY,29APR21,14000,PE,2021-04-28,09:55:59,3.3,3.3,3.25,3.3,0,0
NIFTY,29APR21,14000,PE,2021-04-28,09:56:59,3.25,3.3,3.25,3.3,0,0
NIFTY,29APR21,14000,PE,2021-04-28,09:57:59,3.3,3.35,3.25,3.35,0,0
NIFTY,29APR21,14000,PE,2021-04-28,09:58:59,3.35,3.35,3.3,3.3,0,0
NIFTY,29APR21,14000,PE,2021-04-28,09:59:59,3.3,3.35,3.3,3.35,0,0
NIFTY,29APR21,14000,PE,2021-04-28,10:00:59,3.35,3.35,3.3,3.3,0,0
NIFTY,29APR21,14000,PE,2021-04-28,10:01:59,3.3,3.35,3.3,3.3,0,0
NIFTY,29APR21,14000,PE,2021-04-28,10:02:59,3.35,3.35,3.3,3.3,0,0
NIFTY,29APR21,14000,PE,2021-04-28,10:03:59,3.35,3.35,3.3,3.35,0,0
NIFTY,29APR21,14000,PE,2021-04-28,10:04:59,3.35,3.35,3.25,3.25,0,0
NIFTY,29APR21,14000,PE,2021-04-28,10:05:59,3.3,3.3,3.25,3.25,0,0
NIFTY,29APR21,14000,PE,2021-04-28,10:06:59,3.25,3.25,3.15,3.2,0,0
NIFTY,29APR21,14000,PE,2021-04-28,10:07:59,3.2,3.2,3.15,3.15,0,0
NIFTY,29APR21,14000,PE,2021-04-28,10:08:59,3.2,3.2,3.15,3.2,0,0
NIFTY,29APR21,14000,PE,2021-04-28,10:09:59,3.15,3.2,3.15,3.15,0,0
NIFTY,29APR21,14000,PE,2021-04-28,10:10:59,3.2,3.2,3.1,3.15,0,0
NIFTY,29APR21,14000,PE,2021-04-28,10:11:59,3.1,3.1,3.05,3.1,0,0
NIFTY,29APR21,14000,PE,2021-04-28,10:12:59,3.05,3.15,3.05,3.15,0,0
NIFTY,29APR21,14000,PE,2021-04-28,10:13:59,3.15,3.15,3.1,3.15,0,0
NIFTY,29APR21,14000,PE,2021-04-28,10:14:59,3.15,3.15,3.1,3.15,0,0
NIFTY,29APR21,14000,PE,2021-04-28,10:15:59,3.1,3.15,3.1,3.1,0,0
NIFTY,29APR21,14000,PE,2021-04-28,10:16:59,3.1,3.1,3.05,3.05,0,0
NIFTY,29APR21,14000,PE,2021-04-28,10:17:59,3.1,3.1,3.05,3.05,0,0
NIFTY,29APR21,14000,PE,2021-04-28,10:18:59,3.05,3.1,3.05,3.1,0,0
NIFTY,29APR21,14000,PE,2021-04-28,10:19:59,3.1,3.15,3.05,3.15,0,0
NIFTY,29APR21,14000,PE,2021-04-28,10:20:59,3.15,3.2,3.1,3.2,0,0
NIFTY,29APR21,14000,PE,2021-04-28,10:21:59,3.2,3.2,3.15,3.15,0,0
NIFTY,29APR21,14000,PE,2021-04-28,10:22:59,3.15,3.2,3.15,3.15,0,0
NIFTY,29APR21,14000,PE,2021-04-28,10:23:59,3.1,3.15,3.1,3.1,0,0
NIFTY,29APR21,14000,PE,2021-04-28,10:24:59,3.15,3.2,3.1,3.2,0,0
NIFTY,29APR21,14000,PE,2021-04-28,10:25:59,3.2,3.2,3.1,3.1,0,0
NIFTY,29APR21,14000,PE,2021-04-28,10:26:59,3.1,3.15,3.1,3.1,0,0
NIFTY,29APR21,14000,PE,2021-04-28,10:27:59,3.1,3.2,3.1,3.15,0,0
NIFTY,29APR21,14000,PE,2021-04-28,10:28:59,3.15,3.25,3.15,3.2,0,0
NIFTY,29APR21,14000,PE,2021-04-28,10:29:59,3.25,3.25,3.2,3.2,0,0
NIFTY,29APR21,14000,PE,2021-04-28,10:30:59,3.25,3.3,3.2,3.25,0,0
NIFTY,29APR21,14000,PE,2021-04-28,10:31:59,3.25,3.3,3.25,3.25,0,0
NIFTY,29APR21,14000,PE,2021-04-28,10:32:59,3.25,3.3,3.2,3.25,0,0
NIFTY,29APR21,14000,PE,2021-04-28,10:33:59,3.2,3.25,3.2,3.2,0,0
NIFTY,29APR21,14000,PE,2021-04-28,10:34:59,3.2,3.25,3.2,3.2,0,0
NIFTY,29APR21,14000,PE,2021-04-28,10:35:59,3.2,3.2,3.15,3.2,0,0
NIFTY,29APR21,14000,PE,2021-04-28,10:36:59,3.15,3.2,3.15,3.2,0,0
NIFTY,29APR21,14000,PE,2021-04-28,10:37:59,3.15,3.2,3.15,3.15,0,0
NIFTY,29APR21,14000,PE,2021-04-28,10:38:59,3.15,3.2,3.15,3.2,0,0
NIFTY,29APR21,14000,PE,2021-04-28,10:39:59,3.15,3.2,3.15,3.2,0,0
NIFTY,29APR21,14000,PE,2021-04-28,10:40:59,3.15,3.2,3.15,3.2,0,0
NIFTY,29APR21,14000,PE,2021-04-28,10:41:59,3.2,3.2,3.15,3.2,0,0
NIFTY,29APR21,14000,PE,2021-04-28,10:42:59,3.15,3.2,3.1,3.1,0,0
NIFTY,29APR21,14000,PE,2021-04-28,10:43:59,3.15,3.2,3.1,3.15,0,0
NIFTY,29APR21,14000,PE,2021-04-28,10:44:59,3.15,3.2,3.1,3.15,0,0
NIFTY,29APR21,14000,PE,2021-04-28,10:45:59,3.1,3.2,3.1,3.2,0,0
NIFTY,29APR21,14000,PE,2021-04-28,10:46:59,3.15,3.2,3.15,3.15,0,0
NIFTY,29APR21,14000,PE,2021-04-28,10:47:59,3.2,3.2,3.15,3.15,0,0
NIFTY,29APR21,14000,PE,2021-04-28,10:48:59,3.2,3.25,3.2,3.25,0,0
NIFTY,29APR21,14000,PE,2021-04-28,10:49:59,3.2,3.25,3.2,3.2,0,0
NIFTY,29APR21,14000,PE,2021-04-28,10:50:59,3.2,3.25,3.2,3.25,0,0
NIFTY,29APR21,14000,PE,2021-04-28,10:51:59,3.25,3.25,3.25,3.25,0,0
NIFTY,29APR21,14000,PE,2021-04-28,10:52:59,3.2,3.25,3.2,3.25,0,0
NIFTY,29APR21,14000,PE,2021-04-28,10:53:59,3.25,3.3,3.2,3.3,0,0
NIFTY,29APR21,14000,PE,2021-04-28,10:54:59,3.3,3.35,3.25,3.25,0,0
NIFTY,29APR21,14000,PE,2021-04-28,10:55:59,3.3,3.3,3.25,3.3,0,0
NIFTY,29APR21,14000,PE,2021-04-28,10:56:59,3.3,3.35,3.25,3.3,0,0
NIFTY,29APR21,14000,PE,2021-04-28,10:57:59,3.3,3.3,3.25,3.25,0,0
NIFTY,29APR21,14000,PE,2021-04-28,10:58:59,3.3,3.3,3.25,3.3,0,0
NIFTY,29APR21,14000,PE,2021-04-28,10:59:59,3.3,3.35,3.25,3.35,0,0
NIFTY,29APR21,14000,PE,2021-04-28,11:00:59,3.35,3.35,3.25,3.3,0,0
NIFTY,29APR21,14000,PE,2021-04-28,11:01:59,3.3,3.3,3.25,3.25,0,0
NIFTY,29APR21,14000,PE,2021-04-28,11:02:59,3.25,3.35,3.25,3.3,0,0
NIFTY,29APR21,14000,PE,2021-04-28,11:03:59,3.35,3.35,3.3,3.35,0,0
NIFTY,29APR21,14000,PE,2021-04-28,11:04:59,3.35,3.35,3.3,3.3,0,0
NIFTY,29APR21,14000,PE,2021-04-28,11:05:59,3.35,3.35,3.3,3.35,0,0
NIFTY,29APR21,14000,PE,2021-04-28,11:06:59,3.35,3.35,3.3,3.3,0,0
NIFTY,29APR21,14000,PE,2021-04-28,11:07:59,3.3,3.35,3.25,3.25,0,0
NIFTY,29APR21,14000,PE,2021-04-28,11:08:59,3.25,3.3,3.2,3.2,0,0
NIFTY,29APR21,14000,PE,2021-04-28,11:09:59,3.25,3.25,3.2,3.25,0,0
NIFTY,29APR21,14000,PE,2021-04-28,11:10:59,3.2,3.25,3.2,3.25,0,0
NIFTY,29APR21,14000,PE,2021-04-28,11:11:59,3.2,3.25,3.2,3.25,0,0
NIFTY,29APR21,14000,PE,2021-04-28,11:12:59,3.25,3.3,3.2,3.25,0,0
NIFTY,29APR21,14000,PE,2021-04-28,11:13:59,3.25,3.25,3.2,3.2,0,0
NIFTY,29APR21,14000,PE,2021-04-28,11:14:59,3.2,3.25,3.2,3.25,0,0
NIFTY,29APR21,14000,PE,2021-04-28,11:15:59,3.3,3.3,3.25,3.3,0,0
NIFTY,29APR21,14000,PE,2021-04-28,11:16:59,3.35,3.35,3.3,3.3,0,0
NIFTY,29APR21,14000,PE,2021-04-28,11:17:59,3.35,3.4,3.3,3.35,0,0
NIFTY,29APR21,14000,PE,2021-04-28,11:18:59,3.35,3.35,3.3,3.3,0,0
NIFTY,29APR21,14000,PE,2021-04-28,11:19:59,3.3,3.3,3.25,3.3,0,0
NIFTY,29APR21,14000,PE,2021-04-28,11:20:59,3.3,3.3,3.25,3.3,0,0
NIFTY,29APR21,14000,PE,2021-04-28,11:21:59,3.25,3.35,3.25,3.3,0,0
NIFTY,29APR21,14000,PE,2021-04-28,11:22:59,3.3,3.35,3.3,3.35,0,0
NIFTY,29APR21,14000,PE,2021-04-28,11:23:59,3.3,3.3,3.25,3.3,0,0
NIFTY,29APR21,14000,PE,2021-04-28,11:24:59,3.3,3.3,3.25,3.25,0,0
NIFTY,29APR21,14000,PE,2021-04-28,11:25:59,3.3,3.35,3.25,3.35,0,0
NIFTY,29APR21,14000,PE,2021-04-28,11:26:59,3.35,3.35,3.3,3.35,0,0
NIFTY,29APR21,14000,PE,2021-04-28,11:27:59,3.3,3.35,3.3,3.3,0,0
NIFTY,29APR21,14000,PE,2021-04-28,11:28:59,3.3,3.35,3.3,3.35,0,0
NIFTY,29APR21,14000,PE,2021-04-28,11:29:59,3.3,3.4,3.3,3.35,0,0
NIFTY,29APR21,14000,PE,2021-04-28,11:30:59,3.35,3.4,3.35,3.4,0,0
NIFTY,29APR21,14000,PE,2021-04-28,11:31:59,3.4,3.4,3.35,3.35,0,0
NIFTY,29APR21,14000,PE,2021-04-28,11:32:59,3.35,3.4,3.35,3.35,0,0
NIFTY,29APR21,14000,PE,2021-04-28,11:33:59,3.3,3.35,3.3,3.3,0,0
NIFTY,29APR21,14000,PE,2021-04-28,11:34:59,3.3,3.35,3.3,3.35,0,0
NIFTY,29APR21,14000,PE,2021-04-28,11:35:59,3.3,3.35,3.3,3.3,0,0
NIFTY,29APR21,14000,PE,2021-04-28,11:36:59,3.35,3.35,3.3,3.35,0,0
NIFTY,29APR21,14000,PE,2021-04-28,11:37:59,3.35,3.35,3.3,3.3,0,0
NIFTY,29APR21,14000,PE,2021-04-28,11:38:59,3.25,3.3,3.25,3.25,0,0
NIFTY,29APR21,14000,PE,2021-04-28,11:39:59,3.3,3.3,3.25,3.25,0,0
NIFTY,29APR21,14000,PE,2021-04-28,11:40:59,3.3,3.3,3.2,3.2,0,0
NIFTY,29APR21,14000,PE,2021-04-28,11:41:59,3.2,3.3,3.2,3.3,0,0
NIFTY,29APR21,14000,PE,2021-04-28,11:42:59,3.25,3.3,3.25,3.25,0,0
NIFTY,29APR21,14000,PE,2021-04-28,11:43:59,3.25,3.3,3.25,3.25,0,0
NIFTY,29APR21,14000,PE,2021-04-28,11:44:59,3.25,3.3,3.25,3.3,0,0
NIFTY,29APR21,14000,PE,2021-04-28,11:45:59,3.25,3.25,3.2,3.2,0,0
NIFTY,29APR21,14000,PE,2021-04-28,11:46:59,3.2,3.25,3.2,3.2,0,0
NIFTY,29APR21,14000,PE,2021-04-28,11:47:59,3.2,3.25,3.2,3.25,0,0
NIFTY,29APR21,14000,PE,2021-04-28,11:48:59,3.2,3.25,3.2,3.25,0,0
NIFTY,29APR21,14000,PE,2021-04-28,11:49:59,3.25,3.25,3.2,3.2,0,0
NIFTY,29APR21,14000,PE,2021-04-28,11:50:59,3.15,3.2,3.15,3.15,0,0
NIFTY,29APR21,14000,PE,2021-04-28,11:51:59,3.15,3.2,3.1,3.1,0,0
NIFTY,29APR21,14000,PE,2021-04-28,11:52:59,3.1,3.15,3.1,3.1,0,0
NIFTY,29APR21,14000,PE,2021-04-28,11:53:59,3.1,3.15,3.1,3.15,0,0
NIFTY,29APR21,14000,PE,2021-04-28,11:54:59,3.1,3.1,3.05,3.05,0,0
NIFTY,29APR21,14000,PE,2021-04-28,11:55:59,3.05,3.1,3.05,3.05,0,0
NIFTY,29APR21,14000,PE,2021-04-28,11:56:59,3.1,3.1,3.0,3.1,0,0
NIFTY,29APR21,14000,PE,2021-04-28,11:57:59,3.05,3.1,3.05,3.1,0,0
NIFTY,29APR21,14000,PE,2021-04-28,11:58:59,3.05,3.1,3.05,3.1,0,0
NIFTY,29APR21,14000,PE,2021-04-28,11:59:59,3.1,3.1,3.05,3.1,0,0
NIFTY,29APR21,14000,PE,2021-04-28,12:00:59,3.1,3.1,3.05,3.05,0,0
NIFTY,29APR21,14000,PE,2021-04-28,12:01:59,3.1,3.15,3.05,3.15,0,0
NIFTY,29APR21,14000,PE,2021-04-28,12:02:59,3.1,3.15,3.1,3.1,0,0
NIFTY,29APR21,14000,PE,2021-04-28,12:03:59,3.1,3.15,3.1,3.15,0,0
NIFTY,29APR21,14000,PE,2021-04-28,12:04:59,3.15,3.2,3.1,3.15,0,0
NIFTY,29APR21,14000,PE,2021-04-28,12:05:59,3.15,3.15,3.1,3.1,0,0
NIFTY,29APR21,14000,PE,2021-04-28,12:06:59,3.1,3.15,3.05,3.05,0,0
NIFTY,29APR21,14000,PE,2021-04-28,12:07:59,3.05,3.15,3.05,3.1,0,0
NIFTY,29APR21,14000,PE,2021-04-28,12:08:59,3.05,3.15,3.05,3.1,0,0
NIFTY,29APR21,14000,PE,2021-04-28,12:09:59,3.1,3.15,3.1,3.1,0,0
NIFTY,29APR21,14000,PE,2021-04-28,12:10:59,3.1,3.15,3.1,3.15,0,0
NIFTY,29APR21,14000,PE,2021-04-28,12:11:59,3.15,3.2,3.15,3.2,0,0
NIFTY,29APR21,14000,PE,2021-04-28,12:12:59,3.2,3.2,3.1,3.2,0,0
NIFTY,29APR21,14000,PE,2021-04-28,12:13:59,3.15,3.2,3.15,3.2,0,0
NIFTY,29APR21,14000,PE,2021-04-28,12:14:59,3.2,3.2,3.1,3.15,0,0
NIFTY,29APR21,14000,PE,2021-04-28,12:15:59,3.15,3.2,3.1,3.2,0,0
NIFTY,29APR21,14000,PE,2021-04-28,12:16:59,3.15,3.2,3.1,3.1,0,0
NIFTY,29APR21,14000,PE,2021-04-28,12:17:59,3.15,3.15,3.1,3.1,0,0
NIFTY,29APR21,14000,PE,2021-04-28,12:18:59,3.1,3.15,3.1,3.1,0,0
NIFTY,29APR21,14000,PE,2021-04-28,12:19:59,3.05,3.1,3.05,3.05,0,0
NIFTY,29APR21,14000,PE,2021-04-28,12:20:59,3.05,3.1,3.05,3.05,0,0
NIFTY,29APR21,14000,PE,2021-04-28,12:21:59,3.1,3.1,3.05,3.05,0,0
NIFTY,29APR21,14000,PE,2021-04-28,12:22:59,3.1,3.1,3.05,3.1,0,0
NIFTY,29APR21,14000,PE,2021-04-28,12:23:59,3.05,3.15,3.05,3.1,0,0
NIFTY,29APR21,14000,PE,2021-04-28,12:24:59,3.15,3.15,3.1,3.1,0,0
NIFTY,29APR21,14000,PE,2021-04-28,12:25:59,3.1,3.15,3.1,3.15,0,0
NIFTY,29APR21,14000,PE,2021-04-28,12:26:59,3.1,3.15,3.1,3.1,0,0
NIFTY,29APR21,14000,PE,2021-04-28,12:27:59,3.15,3.15,3.1,3.15,0,0
NIFTY,29APR21,14000,PE,2021-04-28,12:28:59,3.15,3.15,3.1,3.15,0,0
NIFTY,29APR21,14000,PE,2021-04-28,12:29:59,3.15,3.2,3.1,3.1,0,0
NIFTY,29APR21,14000,PE,2021-04-28,12:30:59,3.1,3.2,3.1,3.2,0,0
NIFTY,29APR21,14000,PE,2021-04-28,12:31:59,3.15,3.2,3.1,3.1,0,0
NIFTY,29APR21,14000,PE,2021-04-28,12:32:59,3.1,3.2,3.1,3.15,0,0
NIFTY,29APR21,14000,PE,2021-04-28,12:33:59,3.2,3.2,3.15,3.2,0,0
NIFTY,29APR21,14000,PE,2021-04-28,12:34:59,3.2,3.2,3.15,3.2,0,0
NIFTY,29APR21,14000,PE,2021-04-28,12:35:59,3.15,3.2,3.15,3.15,0,0
NIFTY,29APR21,14000,PE,2021-04-28,12:36:59,3.2,3.25,3.15,3.25,0,0
NIFTY,29APR21,14000,PE,2021-04-28,12:37:59,3.25,3.25,3.2,3.25,0,0
NIFTY,29APR21,14000,PE,2021-04-28,12:38:59,3.2,3.25,3.15,3.2,0,0
NIFTY,29APR21,14000,PE,2021-04-28,12:39:59,3.2,3.25,3.2,3.2,0,0
NIFTY,29APR21,14000,PE,2021-04-28,12:40:59,3.25,3.25,3.15,3.15,0,0
NIFTY,29APR21,14000,PE,2021-04-28,12:41:59,3.2,3.2,3.15,3.15,0,0
NIFTY,29APR21,14000,PE,2021-04-28,12:42:59,3.2,3.2,3.15,3.15,0,0
NIFTY,29APR21,14000,PE,2021-04-28,12:43:59,3.15,3.2,3.1,3.1,0,0
NIFTY,29APR21,14000,PE,2021-04-28,12:44:59,3.15,3.35,3.15,3.25,0,0
NIFTY,29APR21,14000,PE,2021-04-28,12:45:59,3.2,3.45,3.15,3.4,0,0
NIFTY,29APR21,14000,PE,2021-04-28,12:46:59,3.4,3.65,3.4,3.55,0,0
NIFTY,29APR21,14000,PE,2021-04-28,12:47:59,3.55,3.6,3.35,3.4,0,0
NIFTY,29APR21,14000,PE,2021-04-28,12:48:59,3.4,3.45,3.3,3.35,0,0
NIFTY,29APR21,14000,PE,2021-04-28,12:49:59,3.3,3.35,3.2,3.2,0,0
NIFTY,29APR21,14000,PE,2021-04-28,12:50:59,3.2,3.25,3.15,3.15,0,0
NIFTY,29APR21,14000,PE,2021-04-28,12:51:59,3.2,3.2,3.1,3.15,0,0
NIFTY,29APR21,14000,PE,2021-04-28,12:52:59,3.1,3.2,3.1,3.15,0,0
NIFTY,29APR21,14000,PE,2021-04-28,12:53:59,3.15,3.2,3.15,3.15,0,0
NIFTY,29APR21,14000,PE,2021-04-28,12:54:59,3.1,3.15,3.1,3.1,0,0
NIFTY,29APR21,14000,PE,2021-04-28,12:55:59,3.1,3.1,3.05,3.05,0,0
NIFTY,29APR21,14000,PE,2021-04-28,12:56:59,3.05,3.1,3.0,3.05,0,0
NIFTY,29APR21,14000,PE,2021-04-28,12:57:59,3.0,3.05,3.0,3.05,0,0
NIFTY,29APR21,14000,PE,2021-04-28,12:58:59,3.05,3.05,3.0,3.0,0,0
NIFTY,29APR21,14000,PE,2021-04-28,12:59:59,3.0,3.0,2.95,2.95,0,0
NIFTY,29APR21,14000,PE,2021-04-28,13:00:59,3.0,3.0,2.95,2.95,0,0
NIFTY,29APR21,14000,PE,2021-04-28,13:01:59,2.95,3.05,2.95,3.0,0,0
NIFTY,29APR21,14000,PE,2021-04-28,13:02:59,2.95,3.0,2.9,2.95,0,0
NIFTY,29APR21,14000,PE,2021-04-28,13:03:59,2.9,2.95,2.9,2.9,0,0
NIFTY,29APR21,14000,PE,2021-04-28,13:04:59,2.9,2.9,2.85,2.85,0,0
NIFTY,29APR21,14000,PE,2021-04-28,13:05:59,2.85,2.95,2.85,2.9,0,0
NIFTY,29APR21,14000,PE,2021-04-28,13:06:59,2.9,2.9,2.85,2.85,0,0
NIFTY,29APR21,14000,PE,2021-04-28,13:07:59,2.9,2.9,2.85,2.9,0,0
NIFTY,29APR21,14000,PE,2021-04-28,13:08:59,2.9,2.9,2.8,2.8,0,0
NIFTY,29APR21,14000,PE,2021-04-28,13:09:59,2.85,2.9,2.8,2.9,0,0
NIFTY,29APR21,14000,PE,2021-04-28,13:10:59,2.85,2.95,2.85,2.95,0,0
NIFTY,29APR21,14000,PE,2021-04-28,13:11:59,2.9,2.95,2.85,2.9,0,0
NIFTY,29APR21,14000,PE,2021-04-28,13:12:59,2.85,2.9,2.8,2.8,0,0
NIFTY,29APR21,14000,PE,2021-04-28,13:13:59,2.85,2.85,2.8,2.8,0,0
NIFTY,29APR21,14000,PE,2021-04-28,13:14:59,2.85,2.85,2.75,2.8,0,0
NIFTY,29APR21,14000,PE,2021-04-28,13:15:59,2.8,2.8,2.75,2.8,0,0
NIFTY,29APR21,14000,PE,2021-04-28,13:16:59,2.75,2.85,2.75,2.8,0,0
NIFTY,29APR21,14000,PE,2021-04-28,13:17:59,2.8,2.85,2.7,2.75,0,0
NIFTY,29APR21,14000,PE,2021-04-28,13:18:59,2.75,2.85,2.75,2.8,0,0
NIFTY,29APR21,14000,PE,2021-04-28,13:19:59,2.8,2.8,2.75,2.8,0,0
NIFTY,29APR21,14000,PE,2021-04-28,13:20:59,2.75,2.9,2.75,2.85,0,0
NIFTY,29APR21,14000,PE,2021-04-28,13:21:59,2.85,2.85,2.8,2.85,0,0
NIFTY,29APR21,14000,PE,2021-04-28,13:22:59,2.8,2.85,2.8,2.8,0,0
NIFTY,29APR21,14000,PE,2021-04-28,13:23:59,2.8,2.85,2.8,2.8,0,0
NIFTY,29APR21,14000,PE,2021-04-28,13:24:59,2.8,2.85,2.75,2.8,0,0
NIFTY,29APR21,14000,PE,2021-04-28,13:25:59,2.8,2.9,2.8,2.85,0,0
NIFTY,29APR21,14000,PE,2021-04-28,13:26:59,2.85,3.0,2.85,2.95,0,0
NIFTY,29APR21,14000,PE,2021-04-28,13:27:59,2.95,3.0,2.9,2.95,0,0
NIFTY,29APR21,14000,PE,2021-04-28,13:28:59,2.95,2.95,2.9,2.9,0,0
NIFTY,29APR21,14000,PE,2021-04-28,13:29:59,2.9,3.0,2.9,2.95,0,0
NIFTY,29APR21,14000,PE,2021-04-28,13:30:59,2.95,3.0,2.95,3.0,0,0
NIFTY,29APR21,14000,PE,2021-04-28,13:31:59,3.0,3.05,2.95,2.95,0,0
NIFTY,29APR21,14000,PE,2021-04-28,13:32:59,2.95,3.0,2.9,3.0,0,0
NIFTY,29APR21,14000,PE,2021-04-28,13:33:59,2.95,3.0,2.95,3.0,0,0
NIFTY,29APR21,14000,PE,2021-04-28,13:34:59,3.0,3.05,2.95,3.0,0,0
NIFTY,29APR21,14000,PE,2021-04-28,13:35:59,2.95,3.0,2.95,3.0,0,0
NIFTY,29APR21,14000,PE,2021-04-28,13:36:59,3.0,3.05,2.95,3.0,0,0
NIFTY,29APR21,14000,PE,2021-04-28,13:37:59,3.0,3.05,3.0,3.05,0,0
NIFTY,29APR21,14000,PE,2021-04-28,13:38:59,3.0,3.1,3.0,3.1,0,0
NIFTY,29APR21,14000,PE,2021-04-28,13:39:59,3.05,3.05,3.0,3.0,0,0
NIFTY,29APR21,14000,PE,2021-04-28,13:40:59,3.0,3.05,2.95,3.0,0,0
NIFTY,29APR21,14000,PE,2021-04-28,13:41:59,3.0,3.1,2.95,3.1,0,0
NIFTY,29APR21,14000,PE,2021-04-28,13:42:59,3.05,3.1,3.05,3.1,0,0
NIFTY,29APR21,14000,PE,2021-04-28,13:43:59,3.1,3.15,3.05,3.15,0,0
NIFTY,29APR21,14000,PE,2021-04-28,13:44:59,3.15,3.15,3.05,3.1,0,0
NIFTY,29APR21,14000,PE,2021-04-28,13:45:59,3.1,3.15,3.05,3.1,0,0
NIFTY,29APR21,14000,PE,2021-04-28,13:46:59,3.15,3.15,3.1,3.15,0,0
NIFTY,29APR21,14000,PE,2021-04-28,13:47:59,3.1,3.15,3.1,3.15,0,0
NIFTY,29APR21,14000,PE,2021-04-28,13:48:59,3.15,3.15,3.1,3.1,0,0
NIFTY,29APR21,14000,PE,2021-04-28,13:49:59,3.1,3.15,3.1,3.15,0,0
NIFTY,29APR21,14000,PE,2021-04-28,13:50:59,3.15,3.15,3.05,3.1,0,0
NIFTY,29APR21,14000,PE,2021-04-28,13:51:59,3.1,3.1,3.0,3.0,0,0
NIFTY,29APR21,14000,PE,2021-04-28,13:52:59,3.0,3.0,2.95,3.0,0,0
NIFTY,29APR21,14000,PE,2021-04-28,13:53:59,2.95,3.0,2.95,2.95,0,0
NIFTY,29APR21,14000,PE,2021-04-28,13:54:59,3.0,3.0,2.85,2.85,0,0
NIFTY,29APR21,14000,PE,2021-04-28,13:55:59,2.85,2.9,2.85,2.9,0,0
NIFTY,29APR21,14000,PE,2021-04-28,13:56:59,2.85,2.9,2.75,2.8,0,0
NIFTY,29APR21,14000,PE,2021-04-28,13:57:59,2.75,2.8,2.75,2.75,0,0
NIFTY,29APR21,14000,PE,2021-04-28,13:58:59,2.75,2.8,2.75,2.8,0,0
NIFTY,29APR21,14000,PE,2021-04-28,13:59:59,2.8,2.85,2.75,2.8,0,0
NIFTY,29APR21,14000,PE,2021-04-28,14:00:59,2.8,2.85,2.75,2.85,0,0
NIFTY,29APR21,14000,PE,2021-04-28,14:01:59,2.8,2.85,2.8,2.85,0,0
NIFTY,29APR21,14000,PE,2021-04-28,14:02:59,2.85,2.9,2.8,2.85,0,0
NIFTY,29APR21,14000,PE,2021-04-28,14:03:59,2.9,2.9,2.8,2.85,0,0
NIFTY,29APR21,14000,PE,2021-04-28,14:04:59,2.85,3.1,2.85,2.9,0,0
NIFTY,29APR21,14000,PE,2021-04-28,14:05:59,2.95,2.95,2.85,2.9,0,0
NIFTY,29APR21,14000,PE,2021-04-28,14:06:59,2.85,2.9,2.85,2.85,0,0
NIFTY,29APR21,14000,PE,2021-04-28,14:07:59,2.9,3.25,2.8,3.2,0,0
NIFTY,29APR21,14000,PE,2021-04-28,14:08:59,3.15,3.2,3.15,3.15,0,0
NIFTY,29APR21,14000,PE,2021-04-28,14:09:59,3.1,3.2,3.1,3.1,0,0
NIFTY,29APR21,14000,PE,2021-04-28,14:10:59,3.1,3.25,3.1,3.25,0,0
NIFTY,29APR21,14000,PE,2021-04-28,14:11:59,3.25,3.35,3.25,3.35,0,0
NIFTY,29APR21,14000,PE,2021-04-28,14:12:59,3.4,3.5,3.4,3.4,0,0
NIFTY,29APR21,14000,PE,2021-04-28,14:13:59,3.4,3.5,3.4,3.45,0,0
NIFTY,29APR21,14000,PE,2021-04-28,14:14:59,3.45,3.6,3.4,3.5,0,0
NIFTY,29APR21,14000,PE,2021-04-28,14:15:59,3.55,3.75,3.5,3.7,0,0
NIFTY,29APR21,14000,PE,2021-04-28,14:16:59,3.75,3.75,3.3,3.3,0,0
NIFTY,29APR21,14000,PE,2021-04-28,14:17:59,3.4,3.4,3.15,3.2,0,0
NIFTY,29APR21,14000,PE,2021-04-28,14:18:59,3.15,3.15,2.95,3.0,0,0
NIFTY,29APR21,14000,PE,2021-04-28,14:19:59,2.95,2.95,2.85,2.9,0,0
NIFTY,29APR21,14000,PE,2021-04-28,14:20:59,2.9,2.95,2.9,2.9,0,0
NIFTY,29APR21,14000,PE,2021-04-28,14:21:59,2.95,2.95,2.85,2.9,0,0
NIFTY,29APR21,14000,PE,2021-04-28,14:22:59,2.85,2.95,2.85,2.95,0,0
NIFTY,29APR21,14000,PE,2021-04-28,14:23:59,2.9,2.95,2.85,2.9,0,0
NIFTY,29APR21,14000,PE,2021-04-28,14:24:59,2.9,2.95,2.85,2.9,0,0
NIFTY,29APR21,14000,PE,2021-04-28,14:25:59,2.85,2.95,2.85,2.9,0,0
NIFTY,29APR21,14000,PE,2021-04-28,14:26:59,2.9,2.95,2.9,2.95,0,0
NIFTY,29APR21,14000,PE,2021-04-28,14:27:59,2.95,3.0,2.95,3.0,0,0
NIFTY,29APR21,14000,PE,2021-04-28,14:28:59,2.95,3.0,2.85,2.85,0,0
NIFTY,29APR21,14000,PE,2021-04-28,14:29:59,2.9,2.9,2.7,2.75,0,0
NIFTY,29APR21,14000,PE,2021-04-28,14:30:59,2.75,2.85,2.75,2.85,0,0
NIFTY,29APR21,14000,PE,2021-04-28,14:31:59,2.9,2.9,2.85,2.85,0,0
NIFTY,29APR21,14000,PE,2021-04-28,14:32:59,2.9,2.9,2.85,2.9,0,0
NIFTY,29APR21,14000,PE,2021-04-28,14:33:59,2.9,2.95,2.9,2.95,0,0
NIFTY,29APR21,14000,PE,2021-04-28,14:34:59,2.95,3.0,2.9,2.95,0,0
NIFTY,29APR21,14000,PE,2021-04-28,14:35:59,2.9,2.95,2.9,2.9,0,0
NIFTY,29APR21,14000,PE,2021-04-28,14:36:59,2.9,2.95,2.85,2.85,0,0
NIFTY,29APR21,14000,PE,2021-04-28,14:37:59,2.85,2.9,2.8,2.85,0,0
NIFTY,29APR21,14000,PE,2021-04-28,14:38:59,2.9,2.95,2.85,2.85,0,0
NIFTY,29APR21,14000,PE,2021-04-28,14:39:59,2.85,2.85,2.8,2.85,0,0
NIFTY,29APR21,14000,PE,2021-04-28,14:40:59,2.85,2.85,2.7,2.8,0,0
NIFTY,29APR21,14000,PE,2021-04-28,14:41:59,2.7,2.75,2.7,2.75,0,0
NIFTY,29APR21,14000,PE,2021-04-28,14:42:59,2.75,2.75,2.7,2.75,0,0
NIFTY,29APR21,14000,PE,2021-04-28,14:43:59,2.75,2.75,2.65,2.7,0,0
NIFTY,29APR21,14000,PE,2021-04-28,14:44:59,2.7,2.7,2.65,2.7,0,0
NIFTY,29APR21,14000,PE,2021-04-28,14:45:59,2.65,2.7,2.65,2.7,0,0
NIFTY,29APR21,14000,PE,2021-04-28,14:46:59,2.7,2.8,2.65,2.8,0,0
NIFTY,29APR21,14000,PE,2021-04-28,14:47:59,2.8,2.85,2.7,2.7,0,0
NIFTY,29APR21,14000,PE,2021-04-28,14:48:59,2.7,2.75,2.6,2.75,0,0
NIFTY,29APR21,14000,PE,2021-04-28,14:49:59,2.75,2.95,2.75,2.85,0,0
NIFTY,29APR21,14000,PE,2021-04-28,14:50:59,2.85,2.85,2.75,2.8,0,0
NIFTY,29APR21,14000,PE,2021-04-28,14:51:59,2.8,2.85,2.75,2.85,0,0
NIFTY,29APR21,14000,PE,2021-04-28,14:52:59,2.85,2.85,2.8,2.8,0,0
NIFTY,29APR21,14000,PE,2021-04-28,14:53:59,2.8,2.85,2.75,2.8,0,0
NIFTY,29APR21,14000,PE,2021-04-28,14:54:59,2.8,2.8,2.7,2.7,0,0
NIFTY,29APR21,14000,PE,2021-04-28,14:55:59,2.75,2.8,2.7,2.75,0,0
NIFTY,29APR21,14000,PE,2021-04-28,14:56:59,2.75,2.75,2.7,2.7,0,0
NIFTY,29APR21,14000,PE,2021-04-28,14:57:59,2.7,2.75,2.7,2.7,0,0
NIFTY,29APR21,14000,PE,2021-04-28,14:58:59,2.75,2.75,2.65,2.7,0,0
NIFTY,29APR21,14000,PE,2021-04-28,14:59:59,2.7,2.75,2.65,2.7,0,0
NIFTY,29APR21,14000,PE,2021-04-28,15:00:59,2.75,2.75,2.7,2.7,0,0
NIFTY,29APR21,14000,PE,2021-04-28,15:01:59,2.7,2.7,2.65,2.7,0,0
NIFTY,29APR21,14000,PE,2021-04-28,15:02:59,2.65,2.7,2.6,2.65,0,0
NIFTY,29APR21,14000,PE,2021-04-28,15:03:59,2.65,2.7,2.6,2.65,0,0
NIFTY,29APR21,14000,PE,2021-04-28,15:04:59,2.6,2.7,2.6,2.7,0,0
NIFTY,29APR21,14000,PE,2021-04-28,15:05:59,2.7,2.7,2.6,2.65,0,0
NIFTY,29APR21,14000,PE,2021-04-28,15:06:59,2.65,2.75,2.65,2.75,0,0
NIFTY,29APR21,14000,PE,2021-04-28,15:07:59,2.75,2.75,2.65,2.75,0,0
NIFTY,29APR21,14000,PE,2021-04-28,15:08:59,2.75,2.8,2.7,2.75,0,0
NIFTY,29APR21,14000,PE,2021-04-28,15:09:59,2.8,2.85,2.75,2.85,0,0
NIFTY,29APR21,14000,PE,2021-04-28,15:10:59,2.85,2.85,2.75,2.75,0,0
NIFTY,29APR21,14000,PE,2021-04-28,15:11:59,2.75,2.8,2.75,2.75,0,0
NIFTY,29APR21,14000,PE,2021-04-28,15:12:59,2.75,2.85,2.75,2.85,0,0
NIFTY,29APR21,14000,PE,2021-04-28,15:13:59,2.8,2.85,2.75,2.75,0,0
NIFTY,29APR21,14000,PE,2021-04-28,15:14:59,2.8,2.8,2.7,2.75,0,0
NIFTY,29APR21,14000,PE,2021-04-28,15:15:59,2.75,2.9,2.75,2.9,0,0
NIFTY,29APR21,14000,PE,2021-04-28,15:16:59,2.9,2.95,2.9,2.95,0,0
NIFTY,29APR21,14000,PE,2021-04-28,15:17:59,2.9,2.95,2.85,2.9,0,0
NIFTY,29APR21,14000,PE,2021-04-28,15:18:59,2.95,3.05,2.95,3.05,0,0
NIFTY,29APR21,14000,PE,2021-04-28,15:19:59,3.05,3.1,3.05,3.05,0,0
NIFTY,29APR21,14000,PE,2021-04-28,15:20:59,3.0,3.1,2.95,3.0,0,0
NIFTY,29APR21,14000,PE,2021-04-28,15:21:59,2.95,3.0,2.8,2.9,0,0
NIFTY,29APR21,14000,PE,2021-04-28,15:22:59,2.9,2.95,2.85,2.85,0,0
NIFTY,29APR21,14000,PE,2021-04-28,15:23:59,2.9,3.0,2.85,3.0,0,0
NIFTY,29APR21,14000,PE,2021-04-28,15:24:59,3.0,3.05,2.95,2.95,0,0
NIFTY,29APR21,14000,PE,2021-04-28,15:25:59,3.0,3.05,2.95,3.0,0,0
NIFTY,29APR21,14000,PE,2021-04-28,15:26:59,3.0,3.1,3.0,3.0,0,0
NIFTY,29APR21,14000,PE,2021-04-28,15:27:59,3.0,3.0,2.9,2.95,0,0
NIFTY,29APR21,14000,PE,2021-04-28,15:28:59,2.95,2.95,2.85,2.9,0,0
NIFTY,29APR21,14000,PE,2021-04-28,15:29:59,2.9,2.95,2.8,2.8,0,0
NIFTY,29APR21,14000,PE,2021-04-29,09:15:59,0.95,0.95,0.55,0.65,0,0
NIFTY,29APR21,14000,PE,2021-04-29,09:16:59,0.65,0.65,0.6,0.6,0,0
NIFTY,29APR21,14000,PE,2021-04-29,09:17:59,0.6,0.75,0.6,0.75,0,0
NIFTY,29APR21,14000,PE,2021-04-29,09:18:59,0.8,0.85,0.75,0.75,0,0
NIFTY,29APR21,14000,PE,2021-04-29,09:19:59,0.8,0.85,0.75,0.8,0,0
NIFTY,29APR21,14000,PE,2021-04-29,09:20:59,0.85,1.0,0.85,0.95,0,0
NIFTY,29APR21,14000,PE,2021-04-29,09:21:59,0.9,0.95,0.85,0.85,0,0
NIFTY,29APR21,14000,PE,2021-04-29,09:22:59,0.85,0.95,0.85,0.85,0,0
NIFTY,29APR21,14000,PE,2021-04-29,09:23:59,0.9,0.9,0.8,0.85,0,0
NIFTY,29APR21,14000,PE,2021-04-29,09:24:59,0.85,0.9,0.8,0.9,0,0
NIFTY,29APR21,14000,PE,2021-04-29,09:25:59,0.85,0.95,0.85,0.85,0,0
NIFTY,29APR21,14000,PE,2021-04-29,09:26:59,0.9,0.95,0.85,0.95,0,0
NIFTY,29APR21,14000,PE,2021-04-29,09:27:59,0.9,0.95,0.85,0.9,0,0
NIFTY,29APR21,14000,PE,2021-04-29,09:28:59,0.95,0.95,0.9,0.9,0,0
NIFTY,29APR21,14000,PE,2021-04-29,09:29:59,0.9,0.95,0.85,0.9,0,0
NIFTY,29APR21,14000,PE,2021-04-29,09:30:59,0.85,0.9,0.85,0.9,0,0
NIFTY,29APR21,14000,PE,2021-04-29,09:31:59,0.9,0.9,0.85,0.9,0,0
NIFTY,29APR21,14000,PE,2021-04-29,09:32:59,0.9,0.9,0.85,0.9,0,0
NIFTY,29APR21,14000,PE,2021-04-29,09:33:59,0.9,0.95,0.85,0.95,0,0
NIFTY,29APR21,14000,PE,2021-04-29,09:34:59,0.9,0.95,0.9,0.9,0,0
NIFTY,29APR21,14000,PE,2021-04-29,09:35:59,0.9,0.95,0.9,0.95,0,0
NIFTY,29APR21,14000,PE,2021-04-29,09:36:59,0.95,1.0,0.95,0.95,0,0
NIFTY,29APR21,14000,PE,2021-04-29,09:37:59,0.95,1.0,0.9,1.0,0,0
NIFTY,29APR21,14000,PE,2021-04-29,09:38:59,0.95,1.05,0.95,1.0,0,0
NIFTY,29APR21,14000,PE,2021-04-29,09:39:59,0.95,1.0,0.9,0.9,0,0
NIFTY,29APR21,14000,PE,2021-04-29,09:40:59,0.9,0.95,0.9,0.95,0,0
NIFTY,29APR21,14000,PE,2021-04-29,09:41:59,0.9,1.0,0.9,0.95,0,0
NIFTY,29APR21,14000,PE,2021-04-29,09:42:59,1.0,1.0,0.95,0.95,0,0
NIFTY,29APR21,14000,PE,2021-04-29,09:43:59,1.0,1.05,1.0,1.0,0,0
NIFTY,29APR21,14000,PE,2021-04-29,09:44:59,1.0,1.1,1.0,1.0,0,0
NIFTY,29APR21,14000,PE,2021-04-29,09:45:59,1.05,1.1,1.0,1.05,0,0
NIFTY,29APR21,14000,PE,2021-04-29,09:46:59,1.05,1.15,1.0,1.15,0,0
NIFTY,29APR21,14000,PE,2021-04-29,09:47:59,1.1,1.1,1.05,1.1,0,0
NIFTY,29APR21,14000,PE,2021-04-29,09:48:59,1.15,1.3,1.1,1.15,0,0
NIFTY,29APR21,14000,PE,2021-04-29,09:49:59,1.2,1.25,1.15,1.25,0,0
NIFTY,29APR21,14000,PE,2021-04-29,09:50:59,1.25,1.25,1.1,1.1,0,0
NIFTY,29APR21,14000,PE,2021-04-29,09:51:59,1.1,1.1,1.05,1.05,0,0
NIFTY,29APR21,14000,PE,2021-04-29,09:52:59,1.1,1.1,1.05,1.05,0,0
NIFTY,29APR21,14000,PE,2021-04-29,09:53:59,1.05,1.1,0.9,0.9,0,0
NIFTY,29APR21,14000,PE,2021-04-29,09:54:59,0.95,1.0,0.9,0.95,0,0
NIFTY,29APR21,14000,PE,2021-04-29,09:55:59,0.95,1.0,0.95,1.0,0,0
NIFTY,29APR21,14000,PE,2021-04-29,09:56:59,1.05,1.05,0.95,1.05,0,0
NIFTY,29APR21,14000,PE,2021-04-29,09:57:59,1.05,1.05,1.0,1.0,0,0
NIFTY,29APR21,14000,PE,2021-04-29,09:58:59,1.05,1.05,1.0,1.0,0,0
NIFTY,29APR21,14000,PE,2021-04-29,09:59:59,1.0,1.05,1.0,1.0,0,0
NIFTY,29APR21,14000,PE,2021-04-29,10:00:59,1.05,1.1,1.0,1.05,0,0
NIFTY,29APR21,14000,PE,2021-04-29,10:01:59,1.1,1.1,0.95,0.95,0,0
NIFTY,29APR21,14000,PE,2021-04-29,10:02:59,1.0,1.05,1.0,1.0,0,0
NIFTY,29APR21,14000,PE,2021-04-29,10:03:59,1.0,1.0,0.95,1.0,0,0
NIFTY,29APR21,14000,PE,2021-04-29,10:04:59,1.0,1.0,0.9,0.9,0,0
NIFTY,29APR21,14000,PE,2021-04-29,10:05:59,0.9,0.95,0.9,0.9,0,0
NIFTY,29APR21,14000,PE,2021-04-29,10:06:59,0.9,0.9,0.85,0.9,0,0
NIFTY,29APR21,14000,PE,2021-04-29,10:07:59,0.9,0.9,0.85,0.85,0,0
NIFTY,29APR21,14000,PE,2021-04-29,10:08:59,0.9,0.9,0.85,0.9,0,0
NIFTY,29APR21,14000,PE,2021-04-29,10:09:59,0.9,1.0,0.9,0.95,0,0
NIFTY,29APR21,14000,PE,2021-04-29,10:10:59,1.0,1.0,0.9,0.95,0,0
NIFTY,29APR21,14000,PE,2021-04-29,10:11:59,0.9,0.95,0.9,0.9,0,0
NIFTY,29APR21,14000,PE,2021-04-29,10:12:59,0.9,0.9,0.85,0.9,0,0
NIFTY,29APR21,14000,PE,2021-04-29,10:13:59,0.9,0.9,0.85,0.85,0,0
NIFTY,29APR21,14000,PE,2021-04-29,10:14:59,0.85,0.9,0.85,0.9,0,0
NIFTY,29APR21,14000,PE,2021-04-29,10:15:59,0.9,0.9,0.85,0.85,0,0
NIFTY,29APR21,14000,PE,2021-04-29,10:16:59,0.85,0.9,0.85,0.85,0,0
NIFTY,29APR21,14000,PE,2021-04-29,10:17:59,0.9,0.9,0.85,0.9,0,0
NIFTY,29APR21,14000,PE,2021-04-29,10:18:59,0.85,0.85,0.8,0.85,0,0
NIFTY,29APR21,14000,PE,2021-04-29,10:19:59,0.85,0.85,0.8,0.8,0,0
NIFTY,29APR21,14000,PE,2021-04-29,10:20:59,0.85,0.85,0.75,0.75,0,0
NIFTY,29APR21,14000,PE,2021-04-29,10:21:59,0.8,0.8,0.75,0.8,0,0
NIFTY,29APR21,14000,PE,2021-04-29,10:22:59,0.75,0.8,0.7,0.75,0,0
NIFTY,29APR21,14000,PE,2021-04-29,10:23:59,0.75,0.8,0.75,0.8,0,0
NIFTY,29APR21,14000,PE,2021-04-29,10:24:59,0.75,0.8,0.75,0.8,0,0
NIFTY,29APR21,14000,PE,2021-04-29,10:25:59,0.75,0.8,0.75,0.75,0,0
NIFTY,29APR21,14000,PE,2021-04-29,10:26:59,0.75,0.8,0.7,0.75,0,0
NIFTY,29APR21,14000,PE,2021-04-29,10:27:59,0.8,0.8,0.7,0.7,0,0
NIFTY,29APR21,14000,PE,2021-04-29,10:28:59,0.7,0.75,0.7,0.7,0,0
NIFTY,29APR21,14000,PE,2021-04-29,10:29:59,0.7,0.8,0.7,0.8,0,0
NIFTY,29APR21,14000,PE,2021-04-29,10:30:59,0.75,0.8,0.75,0.75,0,0
NIFTY,29APR21,14000,PE,2021-04-29,10:31:59,0.8,0.8,0.75,0.75,0,0
NIFTY,29APR21,14000,PE,2021-04-29,10:32:59,0.8,0.8,0.75,0.75,0,0
NIFTY,29APR21,14000,PE,2021-04-29,10:33:59,0.8,0.8,0.75,0.75,0,0
NIFTY,29APR21,14000,PE,2021-04-29,10:34:59,0.8,0.8,0.7,0.75,0,0
NIFTY,29APR21,14000,PE,2021-04-29,10:35:59,0.7,0.75,0.7,0.75,0,0
NIFTY,29APR21,14000,PE,2021-04-29,10:36:59,0.75,0.8,0.75,0.8,0,0
NIFTY,29APR21,14000,PE,2021-04-29,10:37:59,0.8,0.85,0.8,0.8,0,0
NIFTY,29APR21,14000,PE,2021-04-29,10:38:59,0.8,0.85,0.8,0.85,0,0
NIFTY,29APR21,14000,PE,2021-04-29,10:39:59,0.85,0.85,0.8,0.8,0,0
NIFTY,29APR21,14000,PE,2021-04-29,10:40:59,0.85,0.9,0.8,0.9,0,0
NIFTY,29APR21,14000,PE,2021-04-29,10:41:59,0.85,0.9,0.8,0.85,0,0
NIFTY,29APR21,14000,PE,2021-04-29,10:42:59,0.85,0.85,0.8,0.85,0,0
NIFTY,29APR21,14000,PE,2021-04-29,10:43:59,0.85,0.85,0.8,0.85,0,0
NIFTY,29APR21,14000,PE,2021-04-29,10:44:59,0.8,0.85,0.8,0.8,0,0
NIFTY,29APR21,14000,PE,2021-04-29,10:45:59,0.8,0.85,0.8,0.8,0,0
NIFTY,29APR21,14000,PE,2021-04-29,10:46:59,0.8,0.85,0.75,0.75,0,0
NIFTY,29APR21,14000,PE,2021-04-29,10:47:59,0.8,0.8,0.75,0.8,0,0
NIFTY,29APR21,14000,PE,2021-04-29,10:48:59,0.8,0.8,0.75,0.75,0,0
NIFTY,29APR21,14000,PE,2021-04-29,10:49:59,0.75,0.8,0.75,0.8,0,0
NIFTY,29APR21,14000,PE,2021-04-29,10:50:59,0.8,0.8,0.75,0.75,0,0
NIFTY,29APR21,14000,PE,2021-04-29,10:51:59,0.8,0.8,0.75,0.75,0,0
NIFTY,29APR21,14000,PE,2021-04-29,10:52:59,0.8,0.8,0.75,0.8,0,0
NIFTY,29APR21,14000,PE,2021-04-29,10:53:59,0.8,0.85,0.75,0.8,0,0
NIFTY,29APR21,14000,PE,2021-04-29,10:54:59,0.85,0.85,0.8,0.8,0,0
NIFTY,29APR21,14000,PE,2021-04-29,10:55:59,0.8,0.8,0.75,0.75,0,0
NIFTY,29APR21,14000,PE,2021-04-29,10:56:59,0.75,0.8,0.75,0.75,0,0
NIFTY,29APR21,14000,PE,2021-04-29,10:57:59,0.75,0.8,0.75,0.8,0,0
NIFTY,29APR21,14000,PE,2021-04-29,10:58:59,0.75,0.8,0.75,0.75,0,0
NIFTY,29APR21,14000,PE,2021-04-29,10:59:59,0.75,0.8,0.75,0.75,0,0
NIFTY,29APR21,14000,PE,2021-04-29,11:00:59,0.75,0.8,0.7,0.7,0,0
NIFTY,29APR21,14000,PE,2021-04-29,11:01:59,0.75,0.75,0.7,0.75,0,0
NIFTY,29APR21,14000,PE,2021-04-29,11:02:59,0.7,0.75,0.7,0.75,0,0
NIFTY,29APR21,14000,PE,2021-04-29,11:03:59,0.75,0.75,0.7,0.75,0,0
NIFTY,29APR21,14000,PE,2021-04-29,11:04:59,0.75,0.75,0.7,0.7,0,0
NIFTY,29APR21,14000,PE,2021-04-29,11:05:59,0.7,0.75,0.7,0.7,0,0
NIFTY,29APR21,14000,PE,2021-04-29,11:06:59,0.75,0.75,0.7,0.75,0,0
NIFTY,29APR21,14000,PE,2021-04-29,11:07:59,0.7,0.75,0.7,0.7,0,0
NIFTY,29APR21,14000,PE,2021-04-29,11:08:59,0.7,0.75,0.7,0.7,0,0
NIFTY,29APR21,14000,PE,2021-04-29,11:09:59,0.75,0.75,0.7,0.7,0,0
NIFTY,29APR21,14000,PE,2021-04-29,11:10:59,0.75,0.75,0.7,0.7,0,0
NIFTY,29APR21,14000,PE,2021-04-29,11:11:59,0.7,0.75,0.7,0.75,0,0
NIFTY,29APR21,14000,PE,2021-04-29,11:12:59,0.75,0.75,0.65,0.7,0,0
NIFTY,29APR21,14000,PE,2021-04-29,11:13:59,0.7,0.7,0.65,0.7,0,0
NIFTY,29APR21,14000,PE,2021-04-29,11:14:59,0.65,0.7,0.65,0.65,0,0
NIFTY,29APR21,14000,PE,2021-04-29,11:15:59,0.65,0.7,0.65,0.65,0,0
NIFTY,29APR21,14000,PE,2021-04-29,11:16:59,0.65,0.7,0.65,0.65,0,0
NIFTY,29APR21,14000,PE,2021-04-29,11:17:59,0.65,0.65,0.6,0.6,0,0
NIFTY,29APR21,14000,PE,2021-04-29,11:18:59,0.6,0.65,0.55,0.6,0,0
NIFTY,29APR21,14000,PE,2021-04-29,11:19:59,0.6,0.6,0.55,0.55,0,0
NIFTY,29APR21,14000,PE,2021-04-29,11:20:59,0.55,0.6,0.5,0.5,0,0
NIFTY,29APR21,14000,PE,2021-04-29,11:21:59,0.55,0.6,0.5,0.6,0,0
NIFTY,29APR21,14000,PE,2021-04-29,11:22:59,0.55,0.6,0.55,0.55,0,0
NIFTY,29APR21,14000,PE,2021-04-29,11:23:59,0.55,0.55,0.5,0.55,0,0
NIFTY,29APR21,14000,PE,2021-04-29,11:24:59,0.55,0.55,0.5,0.5,0,0
NIFTY,29APR21,14000,PE,2021-04-29,11:25:59,0.5,0.55,0.5,0.5,0,0
NIFTY,29APR21,14000,PE,2021-04-29,11:26:59,0.5,0.55,0.5,0.5,0,0
NIFTY,29APR21,14000,PE,2021-04-29,11:27:59,0.55,0.55,0.5,0.5,0,0
NIFTY,29APR21,14000,PE,2021-04-29,11:28:59,0.5,0.55,0.5,0.5,0,0
NIFTY,29APR21,14000,PE,2021-04-29,11:29:59,0.55,0.6,0.55,0.55,0,0
NIFTY,29APR21,14000,PE,2021-04-29,11:30:59,0.55,0.65,0.55,0.6,0,0
NIFTY,29APR21,14000,PE,2021-04-29,11:31:59,0.6,0.6,0.55,0.55,0,0
NIFTY,29APR21,14000,PE,2021-04-29,11:32:59,0.6,0.6,0.55,0.55,0,0
NIFTY,29APR21,14000,PE,2021-04-29,11:33:59,0.6,0.6,0.55,0.55,0,0
NIFTY,29APR21,14000,PE,2021-04-29,11:34:59,0.6,0.6,0.55,0.55,0,0
NIFTY,29APR21,14000,PE,2021-04-29,11:35:59,0.55,0.6,0.5,0.55,0,0
NIFTY,29APR21,14000,PE,2021-04-29,11:36:59,0.5,0.55,0.5,0.5,0,0
NIFTY,29APR21,14000,PE,2021-04-29,11:37:59,0.5,0.55,0.5,0.55,0,0
NIFTY,29APR21,14000,PE,2021-04-29,11:38:59,0.55,0.55,0.5,0.5,0,0
NIFTY,29APR21,14000,PE,2021-04-29,11:39:59,0.5,0.55,0.5,0.55,0,0
NIFTY,29APR21,14000,PE,2021-04-29,11:40:59,0.5,0.55,0.5,0.5,0,0
NIFTY,29APR21,14000,PE,2021-04-29,11:41:59,0.55,0.55,0.5,0.55,0,0
NIFTY,29APR21,14000,PE,2021-04-29,11:42:59,0.55,0.55,0.5,0.55,0,0
NIFTY,29APR21,14000,PE,2021-04-29,11:43:59,0.5,0.55,0.5,0.5,0,0
NIFTY,29APR21,14000,PE,2021-04-29,11:44:59,0.5,0.55,0.5,0.5,0,0
NIFTY,29APR21,14000,PE,2021-04-29,11:45:59,0.55,0.55,0.5,0.5,0,0
NIFTY,29APR21,14000,PE,2021-04-29,11:46:59,0.55,0.55,0.5,0.5,0,0
NIFTY,29APR21,14000,PE,2021-04-29,11:47:59,0.55,0.55,0.5,0.5,0,0
NIFTY,29APR21,14000,PE,2021-04-29,11:48:59,0.55,0.55,0.5,0.5,0,0
NIFTY,29APR21,14000,PE,2021-04-29,11:49:59,0.55,0.55,0.5,0.55,0,0
NIFTY,29APR21,14000,PE,2021-04-29,11:50:59,0.5,0.55,0.5,0.55,0,0
NIFTY,29APR21,14000,PE,2021-04-29,11:51:59,0.55,0.55,0.5,0.5,0,0
NIFTY,29APR21,14000,PE,2021-04-29,11:52:59,0.55,0.55,0.5,0.5,0,0
NIFTY,29APR21,14000,PE,2021-04-29,11:53:59,0.5,0.5,0.5,0.5,0,0
NIFTY,29APR21,14000,PE,2021-04-29,11:54:59,0.55,0.55,0.5,0.5,0,0
NIFTY,29APR21,14000,PE,2021-04-29,11:55:59,0.5,0.55,0.5,0.55,0,0
NIFTY,29APR21,14000,PE,2021-04-29,11:56:59,0.5,0.5,0.45,0.5,0,0
NIFTY,29APR21,14000,PE,2021-04-29,11:57:59,0.5,0.5,0.45,0.5,0,0
NIFTY,29APR21,14000,PE,2021-04-29,11:58:59,0.45,0.5,0.45,0.45,0,0
NIFTY,29APR21,14000,PE,2021-04-29,11:59:59,0.45,0.5,0.45,0.45,0,0
NIFTY,29APR21,14000,PE,2021-04-29,12:00:59,0.45,0.5,0.45,0.45,0,0
NIFTY,29APR21,14000,PE,2021-04-29,12:01:59,0.45,0.5,0.45,0.45,0,0
NIFTY,29APR21,14000,PE,2021-04-29,12:02:59,0.5,0.5,0.45,0.45,0,0
NIFTY,29APR21,14000,PE,2021-04-29,12:03:59,0.5,0.5,0.45,0.5,0,0
NIFTY,29APR21,14000,PE,2021-04-29,12:04:59,0.45,0.5,0.45,0.45,0,0
NIFTY,29APR21,14000,PE,2021-04-29,12:05:59,0.45,0.5,0.45,0.5,0,0
NIFTY,29APR21,14000,PE,2021-04-29,12:06:59,0.5,0.5,0.45,0.5,0,0
NIFTY,29APR21,14000,PE,2021-04-29,12:07:59,0.45,0.5,0.45,0.45,0,0
NIFTY,29APR21,14000,PE,2021-04-29,12:08:59,0.5,0.5,0.45,0.45,0,0
NIFTY,29APR21,14000,PE,2021-04-29,12:09:59,0.45,0.45,0.4,0.4,0,0
NIFTY,29APR21,14000,PE,2021-04-29,12:10:59,0.45,0.45,0.4,0.45,0,0
NIFTY,29APR21,14000,PE,2021-04-29,12:11:59,0.5,0.5,0.45,0.45,0,0
NIFTY,29APR21,14000,PE,2021-04-29,12:12:59,0.45,0.5,0.45,0.5,0,0
NIFTY,29APR21,14000,PE,2021-04-29,12:13:59,0.45,0.45,0.45,0.45,0,0
NIFTY,29APR21,14000,PE,2021-04-29,12:14:59,0.45,0.45,0.4,0.4,0,0
NIFTY,29APR21,14000,PE,2021-04-29,12:15:59,0.4,0.45,0.4,0.45,0,0
NIFTY,29APR21,14000,PE,2021-04-29,12:16:59,0.4,0.45,0.4,0.4,0,0
NIFTY,29APR21,14000,PE,2021-04-29,12:17:59,0.4,0.45,0.4,0.4,0,0
NIFTY,29APR21,14000,PE,2021-04-29,12:18:59,0.4,0.45,0.4,0.45,0,0
NIFTY,29APR21,14000,PE,2021-04-29,12:19:59,0.4,0.45,0.4,0.45,0,0
NIFTY,29APR21,14000,PE,2021-04-29,12:20:59,0.4,0.45,0.4,0.4,0,0
NIFTY,29APR21,14000,PE,2021-04-29,12:21:59,0.4,0.45,0.4,0.4,0,0
NIFTY,29APR21,14000,PE,2021-04-29,12:22:59,0.4,0.45,0.4,0.4,0,0
NIFTY,29APR21,14000,PE,2021-04-29,12:23:59,0.4,0.45,0.4,0.45,0,0
NIFTY,29APR21,14000,PE,2021-04-29,12:24:59,0.4,0.45,0.4,0.4,0,0
NIFTY,29APR21,14000,PE,2021-04-29,12:25:59,0.4,0.45,0.35,0.35,0,0
NIFTY,29APR21,14000,PE,2021-04-29,12:26:59,0.4,0.4,0.35,0.4,0,0
NIFTY,29APR21,14000,PE,2021-04-29,12:27:59,0.35,0.4,0.35,0.35,0,0
NIFTY,29APR21,14000,PE,2021-04-29,12:28:59,0.35,0.4,0.35,0.4,0,0
NIFTY,29APR21,14000,PE,2021-04-29,12:29:59,0.4,0.4,0.35,0.35,0,0
NIFTY,29APR21,14000,PE,2021-04-29,12:30:59,0.4,0.4,0.35,0.4,0,0
NIFTY,29APR21,14000,PE,2021-04-29,12:31:59,0.4,0.4,0.35,0.4,0,0
NIFTY,29APR21,14000,PE,2021-04-29,12:32:59,0.35,0.4,0.35,0.35,0,0
NIFTY,29APR21,14000,PE,2021-04-29,12:33:59,0.4,0.4,0.35,0.35,0,0
NIFTY,29APR21,14000,PE,2021-04-29,12:34:59,0.35,0.4,0.35,0.35,0,0
NIFTY,29APR21,14000,PE,2021-04-29,12:35:59,0.4,0.45,0.4,0.4,0,0
NIFTY,29APR21,14000,PE,2021-04-29,12:36:59,0.4,0.45,0.4,0.45,0,0
NIFTY,29APR21,14000,PE,2021-04-29,12:37:59,0.45,0.45,0.4,0.4,0,0
NIFTY,29APR21,14000,PE,2021-04-29,12:38:59,0.45,0.45,0.4,0.45,0,0
NIFTY,29APR21,14000,PE,2021-04-29,12:39:59,0.4,0.45,0.4,0.45,0,0
NIFTY,29APR21,14000,PE,2021-04-29,12:40:59,0.45,0.45,0.4,0.4,0,0
NIFTY,29APR21,14000,PE,2021-04-29,12:41:59,0.4,0.45,0.4,0.45,0,0
NIFTY,29APR21,14000,PE,2021-04-29,12:42:59,0.4,0.45,0.4,0.45,0,0
NIFTY,29APR21,14000,PE,2021-04-29,12:43:59,0.4,0.45,0.4,0.45,0,0
NIFTY,29APR21,14000,PE,2021-04-29,12:44:59,0.4,0.45,0.4,0.4,0,0
NIFTY,29APR21,14000,PE,2021-04-29,12:45:59,0.45,0.45,0.4,0.4,0,0
NIFTY,29APR21,14000,PE,2021-04-29,12:46:59,0.4,0.45,0.35,0.4,0,0
NIFTY,29APR21,14000,PE,2021-04-29,12:47:59,0.4,0.4,0.35,0.35,0,0
NIFTY,29APR21,14000,PE,2021-04-29,12:48:59,0.35,0.4,0.3,0.35,0,0
NIFTY,29APR21,14000,PE,2021-04-29,12:49:59,0.3,0.35,0.3,0.35,0,0
NIFTY,29APR21,14000,PE,2021-04-29,12:50:59,0.3,0.35,0.3,0.35,0,0
NIFTY,29APR21,14000,PE,2021-04-29,12:51:59,0.35,0.35,0.3,0.35,0,0
NIFTY,29APR21,14000,PE,2021-04-29,12:52:59,0.3,0.35,0.3,0.35,0,0
NIFTY,29APR21,14000,PE,2021-04-29,12:53:59,0.35,0.35,0.3,0.3,0,0
NIFTY,29APR21,14000,PE,2021-04-29,12:54:59,0.3,0.35,0.25,0.25,0,0
NIFTY,29APR21,14000,PE,2021-04-29,12:55:59,0.25,0.3,0.25,0.3,0,0
NIFTY,29APR21,14000,PE,2021-04-29,12:56:59,0.25,0.3,0.25,0.25,0,0
NIFTY,29APR21,14000,PE,2021-04-29,12:57:59,0.25,0.3,0.25,0.25,0,0
NIFTY,29APR21,14000,PE,2021-04-29,12:58:59,0.25,0.3,0.25,0.3,0,0
NIFTY,29APR21,14000,PE,2021-04-29,12:59:59,0.3,0.3,0.25,0.3,0,0
NIFTY,29APR21,14000,PE,2021-04-29,13:00:59,0.3,0.3,0.25,0.3,0,0
NIFTY,29APR21,14000,PE,2021-04-29,13:01:59,0.25,0.25,0.25,0.25,0,0
NIFTY,29APR21,14000,PE,2021-04-29,13:02:59,0.3,0.3,0.25,0.3,0,0
NIFTY,29APR21,14000,PE,2021-04-29,13:03:59,0.3,0.3,0.25,0.25,0,0
NIFTY,29APR21,14000,PE,2021-04-29,13:04:59,0.3,0.3,0.2,0.25,0,0
NIFTY,29APR21,14000,PE,2021-04-29,13:05:59,0.25,0.25,0.2,0.25,0,0
NIFTY,29APR21,14000,PE,2021-04-29,13:06:59,0.25,0.25,0.2,0.25,0,0
NIFTY,29APR21,14000,PE,2021-04-29,13:07:59,0.2,0.25,0.2,0.2,0,0
NIFTY,29APR21,14000,PE,2021-04-29,13:08:59,0.2,0.25,0.2,0.2,0,0
NIFTY,29APR21,14000,PE,2021-04-29,13:09:59,0.25,0.25,0.2,0.2,0,0
NIFTY,29APR21,14000,PE,2021-04-29,13:10:59,0.2,0.25,0.2,0.25,0,0
NIFTY,29APR21,14000,PE,2021-04-29,13:11:59,0.2,0.25,0.2,0.2,0,0
NIFTY,29APR21,14000,PE,2021-04-29,13:12:59,0.2,0.25,0.2,0.2,0,0
NIFTY,29APR21,14000,PE,2021-04-29,13:13:59,0.2,0.25,0.2,0.25,0,0
NIFTY,29APR21,14000,PE,2021-04-29,13:14:59,0.25,0.25,0.2,0.2,0,0
NIFTY,29APR21,14000,PE,2021-04-29,13:15:59,0.2,0.25,0.2,0.2,0,0
NIFTY,29APR21,14000,PE,2021-04-29,13:16:59,0.2,0.25,0.2,0.2,0,0
NIFTY,29APR21,14000,PE,2021-04-29,13:17:59,0.2,0.25,0.2,0.2,0,0
NIFTY,29APR21,14000,PE,2021-04-29,13:18:59,0.2,0.25,0.15,0.2,0,0
NIFTY,29APR21,14000,PE,2021-04-29,13:19:59,0.2,0.25,0.15,0.2,0,0
NIFTY,29APR21,14000,PE,2021-04-29,13:20:59,0.15,0.2,0.15,0.15,0,0
NIFTY,29APR21,14000,PE,2021-04-29,13:21:59,0.2,0.2,0.15,0.2,0,0
NIFTY,29APR21,14000,PE,2021-04-29,13:22:59,0.2,0.2,0.15,0.15,0,0
NIFTY,29APR21,14000,PE,2021-04-29,13:23:59,0.2,0.2,0.15,0.15,0,0
NIFTY,29APR21,14000,PE,2021-04-29,13:24:59,0.2,0.2,0.15,0.15,0,0
NIFTY,29APR21,14000,PE,2021-04-29,13:25:59,0.2,0.2,0.15,0.2,0,0
NIFTY,29APR21,14000,PE,2021-04-29,13:26:59,0.15,0.2,0.15,0.2,0,0
NIFTY,29APR21,14000,PE,2021-04-29,13:27:59,0.2,0.2,0.15,0.15,0,0
NIFTY,29APR21,14000,PE,2021-04-29,13:28:59,0.2,0.2,0.15,0.15,0,0
NIFTY,29APR21,14000,PE,2021-04-29,13:29:59,0.2,0.2,0.15,0.15,0,0
NIFTY,29APR21,14000,PE,2021-04-29,13:30:59,0.15,0.2,0.15,0.15,0,0
NIFTY,29APR21,14000,PE,2021-04-29,13:31:59,0.15,0.2,0.15,0.2,0,0
NIFTY,29APR21,14000,PE,2021-04-29,13:32:59,0.15,0.2,0.15,0.15,0,0
NIFTY,29APR21,14000,PE,2021-04-29,13:33:59,0.2,0.2,0.15,0.2,0,0
NIFTY,29APR21,14000,PE,2021-04-29,13:34:59,0.2,0.2,0.15,0.15,0,0
NIFTY,29APR21,14000,PE,2021-04-29,13:35:59,0.15,0.2,0.15,0.15,0,0
NIFTY,29APR21,14000,PE,2021-04-29,13:36:59,0.15,0.2,0.15,0.15,0,0
NIFTY,29APR21,14000,PE,2021-04-29,13:37:59,0.15,0.2,0.15,0.2,0,0
NIFTY,29APR21,14000,PE,2021-04-29,13:38:59,0.2,0.2,0.15,0.2,0,0
NIFTY,29APR21,14000,PE,2021-04-29,13:39:59,0.2,0.2,0.15,0.15,0,0
NIFTY,29APR21,14000,PE,2021-04-29,13:40:59,0.15,0.15,0.15,0.15,0,0
NIFTY,29APR21,14000,PE,2021-04-29,13:41:59,0.15,0.2,0.15,0.15,0,0
NIFTY,29APR21,14000,PE,2021-04-29,13:42:59,0.15,0.15,0.15,0.15,0,0
NIFTY,29APR21,14000,PE,2021-04-29,13:43:59,0.15,0.2,0.15,0.2,0,0
NIFTY,29APR21,14000,PE,2021-04-29,13:44:59,0.2,0.2,0.15,0.2,0,0
NIFTY,29APR21,14000,PE,2021-04-29,13:45:59,0.2,0.2,0.15,0.2,0,0
NIFTY,29APR21,14000,PE,2021-04-29,13:46:59,0.15,0.2,0.15,0.15,0,0
NIFTY,29APR21,14000,PE,2021-04-29,13:47:59,0.15,0.2,0.15,0.15,0,0
NIFTY,29APR21,14000,PE,2021-04-29,13:48:59,0.2,0.2,0.15,0.15,0,0
NIFTY,29APR21,14000,PE,2021-04-29,13:49:59,0.15,0.2,0.15,0.15,0,0
NIFTY,29APR21,14000,PE,2021-04-29,13:50:59,0.15,0.2,0.15,0.15,0,0
NIFTY,29APR21,14000,PE,2021-04-29,13:51:59,0.2,0.2,0.15,0.2,0,0
NIFTY,29APR21,14000,PE,2021-04-29,13:52:59,0.2,0.2,0.15,0.2,0,0
NIFTY,29APR21,14000,PE,2021-04-29,13:53:59,0.2,0.2,0.15,0.15,0,0
NIFTY,29APR21,14000,PE,2021-04-29,13:54:59,0.15,0.2,0.15,0.2,0,0
NIFTY,29APR21,14000,PE,2021-04-29,13:55:59,0.15,0.15,0.15,0.15,0,0
NIFTY,29APR21,14000,PE,2021-04-29,13:56:59,0.2,0.2,0.15,0.2,0,0
NIFTY,29APR21,14000,PE,2021-04-29,13:57:59,0.15,0.2,0.15,0.15,0,0
NIFTY,29APR21,14000,PE,2021-04-29,13:58:59,0.2,0.2,0.15,0.2,0,0
NIFTY,29APR21,14000,PE,2021-04-29,13:59:59,0.15,0.2,0.15,0.2,0,0
NIFTY,29APR21,14000,PE,2021-04-29,14:00:59,0.2,0.2,0.15,0.2,0,0
NIFTY,29APR21,14000,PE,2021-04-29,14:01:59,0.25,0.25,0.2,0.2,0,0
NIFTY,29APR21,14000,PE,2021-04-29,14:02:59,0.2,0.25,0.2,0.25,0,0
NIFTY,29APR21,14000,PE,2021-04-29,14:03:59,0.2,0.25,0.2,0.25,0,0
NIFTY,29APR21,14000,PE,2021-04-29,14:04:59,0.2,0.25,0.15,0.2,0,0
NIFTY,29APR21,14000,PE,2021-04-29,14:05:59,0.2,0.25,0.15,0.2,0,0
NIFTY,29APR21,14000,PE,2021-04-29,14:06:59,0.2,0.25,0.2,0.2,0,0
NIFTY,29APR21,14000,PE,2021-04-29,14:07:59,0.2,0.25,0.2,0.2,0,0
NIFTY,29APR21,14000,PE,2021-04-29,14:08:59,0.2,0.25,0.2,0.25,0,0
NIFTY,29APR21,14000,PE,2021-04-29,14:09:59,0.2,0.25,0.2,0.25,0,0
NIFTY,29APR21,14000,PE,2021-04-29,14:10:59,0.2,0.25,0.2,0.2,0,0
NIFTY,29APR21,14000,PE,2021-04-29,14:11:59,0.25,0.25,0.15,0.15,0,0
NIFTY,29APR21,14000,PE,2021-04-29,14:12:59,0.15,0.2,0.15,0.2,0,0
NIFTY,29APR21,14000,PE,2021-04-29,14:13:59,0.15,0.2,0.15,0.2,0,0
NIFTY,29APR21,14000,PE,2021-04-29,14:14:59,0.15,0.2,0.15,0.2,0,0
NIFTY,29APR21,14000,PE,2021-04-29,14:15:59,0.15,0.2,0.15,0.15,0,0
NIFTY,29APR21,14000,PE,2021-04-29,14:16:59,0.2,0.2,0.15,0.15,0,0
NIFTY,29APR21,14000,PE,2021-04-29,14:17:59,0.15,0.2,0.15,0.2,0,0
NIFTY,29APR21,14000,PE,2021-04-29,14:18:59,0.15,0.2,0.15,0.15,0,0
NIFTY,29APR21,14000,PE,2021-04-29,14:19:59,0.2,0.2,0.15,0.15,0,0
NIFTY,29APR21,14000,PE,2021-04-29,14:20:59,0.2,0.25,0.2,0.2,0,0
NIFTY,29APR21,14000,PE,2021-04-29,14:21:59,0.2,0.25,0.15,0.2,0,0
NIFTY,29APR21,14000,PE,2021-04-29,14:22:59,0.2,0.2,0.15,0.15,0,0
NIFTY,29APR21,14000,PE,2021-04-29,14:23:59,0.15,0.2,0.15,0.15,0,0
NIFTY,29APR21,14000,PE,2021-04-29,14:24:59,0.15,0.2,0.15,0.2,0,0
NIFTY,29APR21,14000,PE,2021-04-29,14:25:59,0.2,0.2,0.15,0.15,0,0
NIFTY,29APR21,14000,PE,2021-04-29,14:26:59,0.15,0.2,0.15,0.15,0,0
NIFTY,29APR21,14000,PE,2021-04-29,14:27:59,0.15,0.2,0.15,0.2,0,0
NIFTY,29APR21,14000,PE,2021-04-29,14:28:59,0.15,0.2,0.15,0.15,0,0
NIFTY,29APR21,14000,PE,2021-04-29,14:29:59,0.2,0.2,0.15,0.15,0,0
NIFTY,29APR21,14000,PE,2021-04-29,14:30:59,0.15,0.2,0.15,0.15,0,0
NIFTY,29APR21,14000,PE,2021-04-29,14:31:59,0.15,0.15,0.15,0.15,0,0
NIFTY,29APR21,14000,PE,2021-04-29,14:32:59,0.2,0.2,0.15,0.15,0,0
NIFTY,29APR21,14000,PE,2021-04-29,14:33:59,0.15,0.2,0.15,0.15,0,0
NIFTY,29APR21,14000,PE,2021-04-29,14:34:59,0.15,0.2,0.15,0.15,0,0
NIFTY,29APR21,14000,PE,2021-04-29,14:35:59,0.15,0.2,0.1,0.15,0,0
NIFTY,29APR21,14000,PE,2021-04-29,14:36:59,0.2,0.2,0.15,0.15,0,0
NIFTY,29APR21,14000,PE,2021-04-29,14:37:59,0.2,0.2,0.1,0.15,0,0
NIFTY,29APR21,14000,PE,2021-04-29,14:38:59,0.15,0.2,0.15,0.15,0,0
NIFTY,29APR21,14000,PE,2021-04-29,14:39:59,0.2,0.2,0.1,0.15,0,0
NIFTY,29APR21,14000,PE,2021-04-29,14:40:59,0.15,0.2,0.15,0.2,0,0
NIFTY,29APR21,14000,PE,2021-04-29,14:41:59,0.15,0.2,0.15,0.15,0,0
NIFTY,29APR21,14000,PE,2021-04-29,14:42:59,0.15,0.2,0.15,0.15,0,0
NIFTY,29APR21,14000,PE,2021-04-29,14:43:59,0.15,0.2,0.15,0.15,0,0
NIFTY,29APR21,14000,PE,2021-04-29,14:44:59,0.15,0.2,0.15,0.15,0,0
NIFTY,29APR21,14000,PE,2021-04-29,14:45:59,0.15,0.2,0.1,0.1,0,0
NIFTY,29APR21,14000,PE,2021-04-29,14:46:59,0.1,0.15,0.1,0.1,0,0
NIFTY,29APR21,14000,PE,2021-04-29,14:47:59,0.1,0.15,0.1,0.1,0,0
NIFTY,29APR21,14000,PE,2021-04-29,14:48:59,0.1,0.15,0.1,0.1,0,0
NIFTY,29APR21,14000,PE,2021-04-29,14:49:59,0.1,0.15,0.1,0.15,0,0
NIFTY,29APR21,14000,PE,2021-04-29,14:50:59,0.1,0.15,0.1,0.1,0,0
NIFTY,29APR21,14000,PE,2021-04-29,14:51:59,0.15,0.15,0.1,0.1,0,0
NIFTY,29APR21,14000,PE,2021-04-29,14:52:59,0.1,0.15,0.1,0.1,0,0
NIFTY,29APR21,14000,PE,2021-04-29,14:53:59,0.15,0.15,0.1,0.1,0,0
NIFTY,29APR21,14000,PE,2021-04-29,14:54:59,0.1,0.15,0.1,0.1,0,0
NIFTY,29APR21,14000,PE,2021-04-29,14:55:59,0.1,0.15,0.1,0.1,0,0
NIFTY,29APR21,14000,PE,2021-04-29,14:56:59,0.15,0.15,0.1,0.1,0,0
NIFTY,29APR21,14000,PE,2021-04-29,14:57:59,0.15,0.15,0.1,0.1,0,0
NIFTY,29APR21,14000,PE,2021-04-29,14:58:59,0.1,0.15,0.1,0.1,0,0
NIFTY,29APR21,14000,PE,2021-04-29,14:59:59,0.1,0.15,0.1,0.1,0,0
NIFTY,29APR21,14000,PE,2021-04-29,15:00:59,0.1,0.15,0.1,0.1,0,0
NIFTY,29APR21,14000,PE,2021-04-29,15:01:59,0.15,0.15,0.1,0.1,0,0
NIFTY,29APR21,14000,PE,2021-04-29,15:02:59,0.1,0.15,0.1,0.15,0,0
NIFTY,29APR21,14000,PE,2021-04-29,15:03:59,0.15,0.15,0.1,0.1,0,0
NIFTY,29APR21,14000,PE,2021-04-29,15:04:59,0.15,0.15,0.1,0.1,0,0
NIFTY,29APR21,14000,PE,2021-04-29,15:05:59,0.1,0.15,0.1,0.1,0,0
NIFTY,29APR21,14000,PE,2021-04-29,15:06:59,0.1,0.1,0.05,0.05,0,0
NIFTY,29APR21,14000,PE,2021-04-29,15:07:59,0.1,0.1,0.05,0.05,0,0
NIFTY,29APR21,14000,PE,2021-04-29,15:08:59,0.1,0.1,0.05,0.05,0,0
NIFTY,29APR21,14000,PE,2021-04-29,15:09:59,0.05,0.1,0.05,0.05,0,0
NIFTY,29APR21,14000,PE,2021-04-29,15:10:59,0.1,0.1,0.05,0.05,0,0
NIFTY,29APR21,14000,PE,2021-04-29,15:11:59,0.05,0.1,0.05,0.1,0,0
NIFTY,29APR21,14000,PE,2021-04-29,15:12:59,0.1,0.1,0.05,0.05,0,0
NIFTY,29APR21,14000,PE,2021-04-29,15:13:59,0.05,0.1,0.05,0.05,0,0
NIFTY,29APR21,14000,PE,2021-04-29,15:14:59,0.05,0.1,0.05,0.1,0,0
NIFTY,29APR21,14000,PE,2021-04-29,15:15:59,0.05,0.1,0.05,0.05,0,0
NIFTY,29APR21,14000,PE,2021-04-29,15:16:59,0.05,0.1,0.05,0.05,0,0
NIFTY,29APR21,14000,PE,2021-04-29,15:17:59,0.05,0.1,0.05,0.05,0,0
NIFTY,29APR21,14000,PE,2021-04-29,15:18:59,0.05,0.1,0.05,0.05,0,0
NIFTY,29APR21,14000,PE,2021-04-29,15:19:59,0.1,0.1,0.05,0.1,0,0
NIFTY,29APR21,14000,PE,2021-04-29,15:20:59,0.1,0.1,0.05,0.05,0,0
NIFTY,29APR21,14000,PE,2021-04-29,15:21:59,0.1,0.1,0.05,0.05,0,0
NIFTY,29APR21,14000,PE,2021-04-29,15:22:59,0.05,0.05,0.05,0.05,0,0
NIFTY,29APR21,14000,PE,2021-04-29,15:23:59,0.05,0.05,0.05,0.05,0,0
NIFTY,29APR21,14000,PE,2021-04-29,15:24:59,0.05,0.05,0.05,0.05,0,0
NIFTY,29APR21,14000,PE,2021-04-29,15:25:59,0.05,0.05,0.05,0.05,0,0
NIFTY,29APR21,14000,PE,2021-04-29,15:26:59,0.05,0.05,0.05,0.05,0,0
NIFTY,29APR21,14000,PE,2021-04-29,15:27:59,0.05,0.05,0.05,0.05,0,0
NIFTY,29APR21,14000,PE,2021-04-29,15:28:59,0.05,0.05,0.05,0.05,0,0
NIFTY,29APR21,14000,PE,2021-04-29,15:29:59,0.05,0.05,0.05,0.05,0,0
